7888
885 887
885 890
885 1421
887 890
887 1421
890 1421
743 1403
743 769
743 1452
769 1403
1403 1452
769 1452
481 918
481 482
481 1395
482 918
918 1395
482 1395
105 1313
105 1234
105 1404
1234 1313
1313 1404
1234 1404
1242 1443
45 1242
1242 1479
45 1443
1443 1479
45 1479
160 1480
160 467
160 1013
467 1480
1013 1480
467 1013
729 961
729 731
729 1283
731 961
961 1283
731 1283
521 562
521 557
521 1293
557 562
562 1293
557 1293
1199 1251
1107 1199
1199 1347
1107 1251
1251 1347
1107 1347
784 1333
784 1172
784 1373
1172 1333
1333 1373
1172 1373
82 1241
82 210
82 1331
210 1241
1241 1331
210 1331
178 180
178 1009
178 1139
180 1009
180 1139
1009 1139
430 1392
1337 1392
971 1392
430 1337
430 971
971 1337
1156 1332
1156 1196
1156 1350
1196 1332
1332 1350
1196 1350
635 842
637 842
842 1430
635 637
635 1430
637 1430
1260 1301
1209 1260
1260 1441
1209 1301
1301 1441
1209 1441
638 639
638 653
638 1355
639 653
639 1355
653 1355
1236 1253
1180 1236
1236 1335
1180 1253
1253 1335
1180 1335
736 1025
736 776
736 1297
776 1025
1025 1297
776 1297
444 1304
444 1192
444 1392
1192 1304
1304 1392
1192 1392
1189 1368
1189 1282
1189 1417
1282 1368
1368 1417
1282 1417
564 717
564 706
564 1005
706 717
717 1005
706 1005
517 519
519 561
519 1293
517 561
517 1293
561 1293
482 1127
260 1127
1127 1395
260 482
260 1395
488 1388
488 1431
488 1228
1388 1431
1228 1388
1228 1431
1051 1245
1050 1051
1051 1266
1050 1245
1245 1266
1050 1266
455 458
184 455
455 1230
184 458
458 1230
184 1230
381 1184
37 381
381 1358
37 1184
1184 1358
37 1358
738 763
738 742
738 1460
742 763
763 1460
742 1460
364 1309
364 365
364 1409
365 1309
1309 1409
365 1409
139 679
679 1055
679 1292
139 1055
139 1292
1055 1292
388 1332
387 388
388 1448
387 1332
1332 1448
387 1448
12 1338
12 488
12 1409
488 1338
1338 1409
488 1409
172 536
535 536
536 1427
172 535
172 1427
535 1427
1190 1256
1153 1190
1190 1340
1153 1256
1256 1340
1153 1340
306 1201
306 1162
306 1218
1162 1201
1201 1218
1162 1218
643 1263
643 872
643 1467
872 1263
1263 1467
872 1467
103 388
103 387
103 1448
1203 1411
1159 1203
1203 1412
1159 1411
1411 1412
1159 1412
592 1227
199 592
592 1357
199 1227
1227 1357
199 1357
646 1176
621 646
646 1433
621 1176
1176 1433
621 1433
92 829
211 829
829 1335
92 211
92 1335
211 1335
840 1266
214 840
840 1370
214 1266
1266 1370
214 1370
94 272
272 307
272 1236
94 307
94 1236
307 1236
564 565
564 1382
565 706
565 1382
706 1382
291 1265
290 291
291 1305
290 1265
1265 1305
290 1305
382 1158
257 382
382 1285
257 1158
1158 1285
257 1285
597 1355
597 973
597 1430
973 1355
1355 1430
973 1430
1216 1326
1216 1252
1216 1447
1252 1326
1326 1447
1252 1447
476 1185
475 476
476 1315
475 1185
1185 1315
475 1315
239 261
239 1031
239 1302
261 1031
261 1302
1031 1302
412 915
412 709
412 1240
709 915
915 1240
709 1240
1258 1275
44 1258
1258 1280
44 1275
1275 1280
44 1280
534 538
533 534
534 1372
533 538
538 1372
533 1372
1201 1481
466 1201
1201 1482
466 1481
1481 1482
466 1482
1211 1284
1166 1211
1211 1364
1166 1284
1284 1364
1166 1364
233 1050
1050 1367
233 1245
1245 1367
233 1367
613 615
242 615
615 1209
242 613
613 1209
242 1209
1149 1182
1149 1178
1149 1313
1178 1182
1182 1313
1178 1313
26 1211
26 822
26 1302
822 1211
1211 1302
822 1302
542 544
288 542
542 1343
288 544
544 1343
288 1343
567 1286
529 567
567 1419
529 1286
1286 1419
529 1419
837 1364
837 1211
837 1370
1364 1370
1211 1370
495 496
495 502
495 1338
496 502
496 1338
502 1338
845 1241
77 845
845 1379
77 1241
1241 1379
77 1379
46 1384
46 1181
46 1415
1181 1384
1384 1415
1181 1415
1157 1253
1157 1206
1157 1470
1206 1253
1253 1470
1206 1470
1227 1366
1171 1227
1227 1442
1171 1366
1366 1442
1171 1442
1200 1362
673 1200
1200 1411
673 1362
1362 1411
673 1411
822 1078
239 822
239 1078
26 1078
26 239
713 1257
713 715
713 1269
715 1257
1257 1269
715 1269
797 1036
976 1036
1036 1414
797 976
797 1414
976 1414
691 694
483 691
691 1422
483 694
694 1422
483 1422
1201 1372
1201 1291
1291 1372
1372 1482
1291 1482
169 879
879 888
879 1345
169 888
169 1345
888 1345
1252 1351
1205 1252
1252 1429
1205 1351
1351 1429
1205 1429
310 927
152 310
310 1394
152 927
927 1394
152 1394
1160 1409
1160 1309
1160 1489
1409 1489
1309 1489
836 1119
235 836
835 836
235 1119
835 1119
235 835
73 703
202 703
703 1438
73 202
73 1438
202 1438
26 1121
26 1367
1121 1211
1211 1367
1121 1367
663 1253
663 1206
663 1353
1253 1353
1206 1353
1200 1243
448 1200
1200 1322
448 1243
1243 1322
448 1322
926 1443
223 926
926 1479
223 1443
223 1479
150 830
150 211
150 1335
211 830
830 1335
685 1099
403 1099
1099 1483
403 685
685 1483
403 1483
544 1291
288 1291
1291 1343
265 1040
467 1040
1040 1254
265 467
265 1254
467 1254
530 1255
530 531
530 1419
531 1255
1255 1419
531 1419
390 391
390 1144
390 1442
391 1144
391 1442
1144 1442
1372 1487
1372 1488
1291 1487
1487 1488
1291 1488
1160 1388
1160 1228
1160 1490
1388 1490
1228 1490
1177 1403
1177 1217
1177 1452
1217 1403
1217 1452
478 950
421 950
950 1215
421 478
478 1215
421 1215
1287 1356
381 1287
1287 1358
381 1356
1356 1358
376 928
376 929
376 1246
928 929
928 1246
929 1246
169 889
883 889
889 1432
169 883
169 1432
883 1432
453 454
132 453
453 1200
132 454
454 1200
132 1200
165 275
269 275
275 1265
165 269
165 1265
269 1265
240 821
821 822
821 1401
240 822
240 1401
822 1401
92 1353
1335 1353
829 1353
544 864
542 864
864 1343
105 580
325 580
580 1296
105 325
105 1296
325 1296
592 1304
1227 1304
1304 1357
1156 1195
1156 1170
1156 1266
1170 1195
1195 1266
1170 1266
427 990
427 991
427 1342
990 991
990 1342
991 1342
915 1099
409 915
915 1232
409 1099
1099 1232
409 1232
1220 1306
73 1220
1220 1438
73 1306
1306 1438
793 798
792 793
741 793
792 798
741 798
741 792
83 124
83 122
83 1385
122 124
124 1385
122 1385
233 1081
1081 1141
1081 1367
233 1141
1141 1367
1195 1242
1133 1195
1195 1350
1133 1242
1242 1350
1133 1350
480 1204
480 1058
480 1395
1058 1204
1204 1395
1058 1395
840 841
214 841
841 1370
273 1009
1009 1470
180 273
273 1470
180 1470
749 1198
749 778
749 1437
778 1198
1198 1437
778 1437
972 1337
972 1222
972 1347
1222 1337
1337 1347
1222 1347
1192 1275
47 1192
1192 1420
47 1275
1275 1420
47 1420
100 933
100 395
100 1337
395 933
933 1337
395 1337
1167 1327
1167 1237
1167 1383
1237 1327
1327 1383
1237 1383
213 389
213 1081
213 1245
389 1081
389 1245
1081 1245
331 338
338 340
159 338
331 340
159 331
159 340
749 779
779 1109
779 1333
749 1109
749 1333
1109 1333
994 996
626 996
996 1319
626 994
994 1319
626 1319
441 912
441 790
441 1276
790 912
912 1276
790 1276
442 900
894 900
900 1384
442 894
442 1384
894 1384
1183 1303
1168 1183
1183 1336
1168 1303
1303 1336
1168 1336
1212 1223
497 1212
1212 1339
497 1223
1223 1339
497 1339
1202 1224
1149 1202
1202 1289
1149 1224
1224 1289
1149 1289
409 1091
409 424
424 1091
1091 1232
424 1232
1193 1386
1165 1193
1193 1490
1165 1386
1386 1490
1165 1490
1340 1482
1340 1488
1153 1482
1482 1488
1153 1488
1026 1241
1026 1027
1026 1379
1027 1241
1027 1379
305 537
305 535
305 1427
535 537
537 1427
625 1231
625 996
625 1319
996 1231
1231 1319
46 898
898 1181
898 1415
402 423
253 423
423 1269
253 402
402 1269
253 1269
1236 1261
1236 1353
1261 1335
1261 1353
1090 1091
421 1090
1090 1453
421 1091
1091 1453
421 1453
1151 1326
1151 1193
1151 1491
1193 1326
1326 1491
1193 1491
215 770
215 781
215 1437
770 781
770 1437
781 1437
520 561
561 562
561 1374
520 562
520 1374
562 1374
541 1291
158 541
541 1343
158 1291
158 1343
966 967
848 967
967 1321
848 966
966 1321
848 1321
595 652
652 870
652 1231
595 870
595 1231
870 1231
1225 1313
360 1225
1225 1474
360 1313
1313 1474
360 1474
1271 1407
117 1271
1271 1423
117 1407
1407 1423
117 1423
1031 1034
237 1031
1031 1408
237 1034
1034 1408
237 1408
664 665
665 666
665 1385
664 666
664 1385
666 1385
119 1226
8 119
119 1383
8 1226
1226 1383
8 1383
791 800
777 800
800 1316
777 791
791 1316
777 1316
962 1255
962 964
962 1380
964 1255
1255 1380
964 1380
223 938
937 938
938 1011
223 937
223 1011
937 1011
178 1206
178 1253
178 1470
486 487
12 486
486 1338
12 487
487 1338
243 618
618 620
618 1235
243 620
243 1235
620 1235
919 920
142 920
920 1290
142 919
919 1290
142 1290
558 567
556 558
515 558
556 567
515 567
515 556
228 783
783 1109
783 1333
228 1109
228 1333
261 1301
261 1030
261 1408
1030 1301
1301 1408
1030 1408
1108 1265
291 1108
1108 1305
230 748
747 748
748 1198
230 747
230 1198
747 1198
624 652
652 994
624 994
624 1231
994 1231
610 1033
245 1033
1033 1364
245 610
610 1364
245 1364
413 567
567 1293
413 1286
1286 1293
413 1293
1228 1338
1228 1409
1160 1338
1226 1271
1155 1226
1226 1402
1155 1271
1271 1402
1155 1402
1155 1438
1155 1220
1155 1461
1438 1461
1220 1461
1157 1261
1157 1236
1157 1375
1261 1375
1236 1375
524 557
557 573
557 1374
524 573
524 1374
573 1374
232 1245
232 1051
232 1350
1245 1350
1051 1350
308 1429
308 1205
308 1449
1429 1449
1205 1449
321 1226
317 321
321 1461
317 1226
1226 1461
317 1461
1082 1084
293 1082
1082 1397
293 1084
1084 1397
293 1397
959 1359
955 959
959 1440
955 1359
1359 1440
955 1440
1205 1450
1151 1205
1205 1492
1151 1450
1450 1492
1151 1492
158 540
158 1487
540 541
541 1487
540 1487
1168 1328
1168 1224
1168 1475
1224 1328
1328 1475
1224 1475
483 1270
483 1124
1124 1270
1270 1422
1124 1422
144 1193
144 145
144 1489
145 1193
1193 1489
145 1489
91 1457
91 1456
91 1486
1456 1457
1457 1486
1456 1486
366 1338
12 366
366 1409
574 1210
29 574
574 1308
29 1210
1210 1308
29 1308
371 1287
371 1171
371 1442
1171 1287
1287 1442
447 448
447 1243
447 1322
1250 1303
1168 1250
1250 1479
1303 1479
1168 1479
600 1381
600 1263
600 1430
1263 1381
1381 1430
1263 1430
369 585
369 584
369 1360
584 585
585 1360
584 1360
450 1200
121 450
450 1322
121 1200
121 1322
61 1404
61 1328
61 1474
1328 1404
1404 1474
1328 1474
360 361
149 361
361 1225
149 360
149 1225
1152 1272
1152 1179
1152 1416
1179 1272
1272 1416
1179 1416
62 845
62 846
62 1379
845 846
846 1379
374 375
98 375
375 1352
98 374
374 1352
98 1352
401 1064
401 1046
401 1464
1046 1064
1064 1464
1046 1464
161 554
554 917
554 1261
161 917
161 1261
917 1261
211 1353
491 492
359 492
492 1361
359 491
491 1361
359 1361
269 270
153 269
269 1238
153 270
270 1238
153 1238
1152 1388
1152 1223
1152 1490
1223 1388
1223 1490
96 1171
96 371
96 1358
1171 1358
371 1358
993 994
652 993
993 1231
1149 1160
1149 1225
1160 1178
1178 1225
1160 1225
827 1262
826 827
827 1268
826 1262
1262 1268
826 1268
181 673
181 1200
181 1362
451 1200
451 452
451 1322
452 1200
452 1322
702 703
703 1220
73 702
702 1220
71 1202
71 940
71 1435
940 1202
1202 1435
940 1435
437 1421
437 885
437 1432
1421 1432
885 1432
116 942
43 942
942 1396
43 116
116 1396
43 1396
1208 1288
1152 1208
1208 1388
1152 1288
1288 1388
270 271
153 271
271 1238
946 1291
464 946
946 1372
464 1291
464 1372
696 1378
696 1232
696 1483
1232 1378
1378 1483
1232 1483
207 1261
207 211
207 1353
211 1261
1436 1444
457 1436
1436 1492
457 1444
1444 1492
457 1492
0 36
0 871
0 1363
36 871
36 1363
871 1363
463 1041
463 1148
463 1294
1041 1148
1041 1294
1148 1294
860 968
847 860
860 1390
847 968
968 1390
847 1390
258 1065
258 711
258 1391
711 1065
1065 1391
711 1391
1176 1417
627 1176
1176 1462
627 1417
1417 1462
627 1462
368 1328
368 1244
368 1358
1244 1328
1328 1358
1244 1358
1161 1225
1149 1161
1161 1313
718 1374
525 718
718 1382
525 1374
1374 1382
525 1382
110 1272
110 115
110 1341
115 1272
1272 1341
115 1341
1159 1200
1200 1412
1263 1319
623 1263
623 1319
1319 1467
623 1467
1179 1271
1155 1179
1271 1416
1155 1416
54 857
857 969
857 1134
54 969
54 1134
969 1134
135 451
451 457
451 1444
135 457
135 1444
249 881
249 888
249 1345
881 888
881 1345
256 876
875 876
876 1389
256 875
256 1389
875 1389
857 862
857 1390
862 969
862 1390
969 1390
123 124
124 1208
122 123
123 1208
122 1208
611 1209
609 611
611 1301
609 1209
609 1301
411 707
411 693
411 1424
693 707
707 1424
693 1424
1225 1289
1160 1289
312 1375
120 312
312 1429
120 1375
1375 1429
120 1429
403 1215
403 410
410 1215
1215 1483
410 1483
1189 1355
651 1189
1189 1430
651 1355
651 1430
1192 1357
444 1357
472 1285
472 877
472 1376
877 1285
1285 1376
877 1376
147 308
308 1369
147 1205
1205 1369
147 1369
425 516
516 527
516 1286
425 527
425 1286
527 1286
635 872
843 872
872 1430
635 843
843 1430
162 553
548 553
553 1393
162 548
162 1393
548 1393
221 897
897 1117
897 1258
221 1117
221 1258
1117 1258
439 1387
439 1274
439 1421
1274 1387
1387 1421
1274 1421
1375 1477
1157 1429
1429 1477
1157 1477
529 559
529 556
529 1293
556 559
559 1293
556 1293
326 1188
154 326
326 1371
154 1188
1188 1371
154 1371
417 1320
417 707
417 1424
707 1320
1320 1424
149 1474
935 1207
17 935
935 1300
17 1207
1207 1300
17 1300
417 1240
417 1380
1240 1320
1320 1380
1240 1380
991 1209
1209 1342
991 1260
1260 1342
1109 1373
228 1373
798 976
797 798
741 976
741 797
647 1278
647 1137
647 1433
1137 1278
1278 1433
1137 1433
74 1220
74 206
74 1456
206 1220
1220 1456
206 1456
238 632
632 989
632 1325
238 989
238 1325
989 1325
500 1350
500 1242
500 1479
1350 1479
1165 1388
1165 1228
1165 1431
727 1247
727 756
727 1476
756 1247
1247 1476
756 1476
650 916
619 650
650 1417
619 916
916 1417
619 1417
1364 1408
1364 1485
1166 1408
1408 1485
1166 1485
681 683
404 683
683 1270
404 681
681 1270
404 1270
553 1371
93 553
553 1410
93 1371
1371 1410
93 1410
46 897
897 898
897 1181
808 1452
807 808
808 1476
807 1452
1452 1476
807 1476
1206 1486
1157 1353
1353 1486
1157 1486
665 1056
79 1056
124 1056
79 665
124 665
79 124
238 1129
238 825
825 1129
1129 1325
825 1325
616 991
427 616
616 1260
427 1260
1155 1194
1155 1306
1194 1271
1271 1306
1194 1306
1164 1223
1160 1164
1164 1490
1160 1223
1187 1281
1187 1276
1187 1373
1276 1281
1281 1373
1276 1373
1284 1325
241 1284
1284 1401
241 1325
1325 1401
241 1401
1150 1195
1150 1184
1150 1426
1184 1195
1195 1426
1184 1426
42 122
122 1288
42 1208
42 1288
361 365
361 364
361 1309
587 589
588 589
589 1442
587 588
587 1442
588 1442
1153 1451
276 1153
1153 1480
276 1451
1451 1480
276 1480
1170 1184
1170 1426
884 1199
884 1107
884 1317
1199 1317
1107 1317
365 1225
1225 1309
1225 1409
320 1327
39 320
320 1383
39 1327
39 1383
431 1020
431 1019
431 1392
1019 1020
1020 1392
1019 1392
279 309
279 286
151 279
286 309
151 309
151 286
623 1114
836 1114
1114 1467
623 836
836 1467
764 765
764 1128
764 1247
765 1128
765 1247
1128 1247
686 691
686 694
686 1422
501 1245
232 501
501 1350
1159 1449
1159 1369
1159 1450
1369 1449
1449 1450
1369 1450
627 1278
627 658
658 1278
1278 1417
658 1417
894 896
46 894
894 1181
46 896
896 1181
331 1314
331 1315
338 1314
1314 1315
338 1315
1208 1324
1165 1208
1208 1445
1165 1324
1324 1445
1165 1445
1184 1287
1171 1184
1217 1398
1177 1398
1398 1452
981 1163
545 981
981 1343
545 1163
1163 1343
545 1343
431 444
431 1192
24 444
24 1019
24 1392
444 1019
193 1185
193 1116
193 1405
1116 1185
1185 1405
1116 1405
279 1399
279 1451
151 1399
1399 1451
151 1451
1161 1289
837 838
248 838
838 1370
248 837
248 1370
106 355
106 356
106 1313
355 356
355 1313
356 1313
198 1308
198 1168
198 1360
1168 1308
1308 1360
1168 1360
466 467
466 1012
466 1254
467 1012
1012 1254
563 948
565 948
948 1382
563 565
563 1382
1150 1171
1171 1426
759 1044
986 1044
1044 1414
759 986
759 1414
986 1414
644 647
546 644
644 1433
546 647
546 1433
272 1180
272 1478
1236 1478
1180 1478
390 1287
371 390
175 1203
174 175
175 1299
174 1203
1203 1299
174 1299
411 978
978 1424
978 1378
411 1378
1378 1424
386 837
386 1211
386 1370
8 1344
8 319
319 1344
1344 1383
319 1383
1186 1316
755 1186
1186 1434
755 1316
1316 1434
755 1434
1249 1421
1174 1249
1249 1432
1174 1421
1174 1432
598 618
598 979
598 1462
618 979
618 1462
979 1462
1222 1317
1174 1222
1222 1349
1174 1317
1317 1349
1174 1349
432 1020
394 1020
1020 1222
394 432
432 1222
394 1222
372 1425
372 373
372 1426
373 1425
1425 1426
373 1426
722 1377
722 755
722 1434
755 1377
1377 1434
31 175
91 175
31 91
31 1299
91 1299
244 608
608 611
608 1301
244 611
244 1301
764 773
773 1128
773 1247
2 185
2 53
2 1331
53 185
185 1331
53 1331
1093 1138
168 1138
1138 1387
168 1093
1093 1387
168 1387
1219 1297
814 1219
1219 1458
814 1297
1297 1458
814 1458
298 946
946 1487
298 1372
298 1487
1157 1205
1157 1449
1042 1240
1042 1232
1042 1424
1232 1240
1240 1424
1232 1424
335 1267
334 335
335 1465
334 1267
1267 1465
334 1465
264 957
731 957
957 1283
264 731
264 1283
1150 1192
1150 1304
1150 1392
1028 1282
622 1028
1028 1381
622 1282
1282 1381
622 1381
1200 1365
451 1365
1365 1411
451 1411
186 205
74 186
186 1331
74 205
205 1331
74 1331
55 848
55 846
55 966
846 848
846 966
161 1236
917 1236
632 1260
242 632
632 1441
242 1260
242 1441
1171 1250
1150 1250
1250 1426
244 605
604 605
605 1235
244 604
244 1235
604 1235
213 1141
1141 1245
522 1016
525 1016
1016 1374
522 525
522 1374
732 772
772 1049
772 1454
732 1049
732 1454
1049 1454
1237 1471
1327 1471
1167 1471
434 1093
434 1094
434 1420
1093 1094
1093 1420
1094 1420
1121 1485
1367 1485
1211 1485
1061 1284
64 1061
1061 1342
64 1284
1284 1342
64 1342
1178 1309
1178 1489
599 995
995 997
995 1319
599 997
599 1319
997 1319
163 294
163 547
163 1393
294 547
294 1393
547 1393
1158 1356
1158 1191
1158 1473
1191 1356
1356 1473
1191 1473
986 1264
986 987
987 1264
1264 1414
987 1414
645 646
646 1235
645 1176
1176 1235
645 1235
1184 1356
1246 1285
472 1246
1246 1376
1077 1079
744 1077
1077 1458
744 1079
1079 1458
744 1458
528 1286
528 529
528 1293
485 978
688 978
485 688
485 1378
688 1378
1033 1034
234 1033
1033 1408
234 1034
234 1408
230 778
230 1333
1198 1333
778 1333
1217 1437
746 1217
1217 1454
746 1437
1437 1454
746 1454
484 1318
484 695
484 1422
695 1318
1318 1422
695 1422
130 1097
174 1097
1097 1445
130 174
130 1445
174 1445
908 1281
789 908
908 1373
789 1281
789 1373
482 1269
254 482
482 1354
254 1269
1269 1354
254 1354
269 301
270 301
165 301
165 270
1339 1341
1164 1339
1339 1435
1164 1341
1341 1435
1164 1435
684 686
405 684
684 1422
405 686
405 1422
69 89
69 90
69 1339
89 90
89 1339
90 1339
55 854
55 858
55 1390
854 858
854 1390
858 1390
692 978
688 692
411 692
411 688
1022 1137
628 1022
1022 1455
628 1137
1137 1455
628 1455
1251 1298
1197 1251
1197 1298
1298 1347
1197 1347
112 1062
8 1062
1062 1344
8 112
112 1344
598 1112
916 1112
1112 1282
598 916
598 1282
916 1282
1153 1233
1153 1265
276 1233
1233 1265
276 1265
723 753
723 752
723 1177
752 753
753 1177
752 1177
410 950
403 950
160 952
160 1012
160 1221
952 1012
952 1221
1012 1221
1371 1393
1393 1410
278 1399
166 278
278 1451
166 1399
166 1451
53 78
78 844
78 1331
53 844
844 1331
967 1073
847 1073
848 1073
847 967
847 848
856 860
860 861
856 968
861 968
856 861
1189 1346
651 1346
1346 1355
710 711
710 972
710 1347
711 972
711 1347
536 1132
339 1132
1132 1427
339 536
339 1427
528 530
425 530
530 1286
425 528
594 1235
594 660
594 1413
660 1235
1235 1413
660 1413
357 1404
61 357
357 1474
1167 1279
1279 1327
1279 1471
250 1376
250 1106
250 1389
1106 1376
1376 1389
1106 1389
756 1186
1186 1247
1186 1476
552 1410
552 1335
552 1478
1335 1410
1410 1478
1335 1478
634 1189
1189 1433
634 1368
1368 1433
634 1433
951 952
280 951
951 1323
280 952
952 1323
280 1323
1346 1368
1355 1368
559 567
609 1166
609 610
609 1408
610 1166
610 1408
789 1054
779 789
779 1054
1054 1373
779 1373
762 1452
762 1177
762 1476
1177 1476
617 1176
614 617
617 1462
614 1176
614 1462
1238 1371
1238 1393
1238 1410
668 669
192 668
668 1315
192 669
669 1315
192 1315
357 1328
65 676
65 675
65 1230
675 676
676 1230
675 1230
746 1198
745 746
745 1198
1198 1454
745 1454
13 1193
1193 1436
13 1386
1386 1436
13 1436
1218 1267
1218 1466
1162 1267
1267 1466
1162 1466
996 997
626 997
925 1230
184 925
925 1290
1230 1290
184 1290
154 310
310 326
310 1371
93 552
552 834
93 834
834 1410
182 184
132 184
132 182
182 1230
132 1230
438 1107
438 884
438 1199
1199 1389
1199 1298
1199 1473
1298 1389
1389 1473
1298 1473
439 1229
439 890
890 1229
1229 1421
121 448
1153 1305
1256 1305
1190 1305
216 1187
216 906
216 1415
906 1187
1187 1415
906 1415
1306 1402
1402 1438
153 274
271 274
274 1238
724 803
724 807
724 1452
803 807
803 1452
1231 1346
1189 1231
1231 1400
1346 1400
1189 1400
193 341
341 473
341 936
193 473
193 936
473 936
492 1332
492 1250
1250 1332
1332 1361
1250 1361
170 986
170 987
170 1414
440 1229
440 890
440 1268
1229 1268
890 1268
681 1422
683 1422
503 699
699 809
699 1292
503 809
503 1292
809 1292
78 667
41 78
78 1213
41 667
667 1213
41 1213
1180 1468
1180 1238
1180 1469
1238 1468
1468 1469
1238 1469
200 201
58 201
201 1306
58 200
200 1306
58 1306
337 345
337 869
337 1314
345 869
345 1314
869 1314
775 1077
736 775
775 1297
736 1077
1077 1297
407 421
407 478
407 1215
889 1249
255 889
889 1345
255 1249
1249 1345
255 1345
13 1239
13 457
457 1239
1239 1436
1167 1326
1167 1252
1167 1484
1326 1484
1252 1484
98 1425
98 1426
1352 1425
1352 1426
200 1194
57 200
57 1194
57 1306
1174 1199
1317 1473
1174 1473
506 531
508 531
506 508
506 1255
508 1255
47 1110
47 444
444 1110
1110 1192
105 356
356 1404
105 355
355 1404
966 1390
1321 1390
967 1390
301 547
547 1188
163 301
301 1188
163 1188
918 1058
259 918
918 1204
259 1058
259 1204
1175 1259
838 1175
1175 1266
838 1259
1259 1266
838 1266
1183 1280
1154 1183
1183 1443
1154 1280
1280 1443
1154 1443
441 1187
441 909
441 1384
909 1187
1187 1384
909 1384
1159 1444
1159 1322
1200 1444
1322 1444
500 501
219 501
501 1250
219 500
500 1250
219 1250
549 1393
162 549
549 1478
1393 1478
162 1478
566 1016
563 566
522 566
563 1016
522 563
1183 1227
1183 1357
1227 1336
1336 1357
761 762
727 761
761 1476
727 762
1045 1259
1045 1246
1045 1376
1246 1259
1259 1376
837 1175
248 386
386 1175
248 1175
504 962
962 1240
504 1380
504 1240
637 1355
607 637
637 1368
607 1355
607 1368
168 887
439 887
887 1387
168 439
1161 1308
1161 1210
1161 1329
1308 1329
1210 1329
392 589
390 589
589 719
390 392
392 719
390 719
177 178
84 177
177 1206
84 178
84 1206
1142 1330
1142 1193
1142 1428
1193 1330
1330 1428
1193 1428
266 1334
266 981
266 1343
981 1334
1334 1343
150 834
150 1410
834 1335
152 832
179 832
832 1469
152 179
152 1469
179 1469
435 1310
435 895
435 1420
895 1310
1310 1420
895 1420
1149 1164
1149 1490
107 363
145 363
363 1330
107 145
107 1330
145 1330
7 53
52 53
53 1300
7 52
7 1300
52 1300
345 1185
338 345
338 1185
1185 1314
816 1312
737 816
816 1460
737 1312
1312 1460
737 1460
1067 1083
299 1067
293 1067
299 1083
293 1083
293 299
47 1135
47 1096
1096 1135
1135 1275
1096 1275
655 1346
596 655
655 1368
596 1346
596 1368
562 566
566 1374
562 563
563 1374
850 862
850 934
850 1390
862 934
934 1390
1098 1202
938 1098
1098 1363
938 1202
1202 1363
938 1363
383 1175
103 383
383 1448
103 1175
1175 1448
263 1198
263 782
263 1437
782 1198
782 1437
1154 1262
1154 1242
1154 1311
1242 1262
1262 1311
1242 1311
465 1201
463 465
465 1294
463 1201
1201 1294
689 1318
416 689
689 1378
416 1318
1318 1378
416 1378
600 836
600 1114
600 1467
879 881
174 1385
174 1273
174 1446
1273 1385
1385 1446
1273 1446
1191 1222
1150 1191
1191 1392
1150 1222
1222 1392
143 194
143 923
143 196
194 923
194 196
196 923
12 502
366 502
85 1207
85 86
85 1339
86 1207
1207 1339
86 1339
742 1403
742 1118
1118 1403
1403 1460
1118 1460
981 1143
981 1459
1143 1334
1334 1459
1143 1459
314 1252
39 314
314 1447
39 1252
39 1447
401 402
401 423
401 1257
402 1257
423 1257
914 1275
914 1258
914 1310
1275 1310
1258 1310
399 1204
399 479
399 1348
479 1204
1204 1348
479 1348
393 430
393 532
393 1191
430 532
430 1191
532 1191
173 534
306 534
534 1201
173 306
173 1201
858 967
858 1073
848 858
1110 1111
433 1111
1111 1349
433 1110
1110 1349
433 1349
244 1413
611 1235
611 1413
954 957
731 954
954 1283
388 1245
388 492
492 1245
1245 1332
766 1079
631 766
766 1458
631 1079
631 1458
1156 1250
1156 1426
1196 1250
1196 1426
1176 1278
1278 1455
1433 1455
1176 1455
713 714
712 713
712 714
714 1257
712 1257
1150 1170
73 201
201 204
73 204
204 1306
992 1209
593 992
992 1413
593 1209
1209 1413
593 1413
1302 1408
481 1059
481 1058
1058 1059
1059 1395
1179 1207
1179 1213
1152 1207
1207 1213
1152 1213
391 589
391 588
899 1187
227 899
899 1281
227 1187
227 1281
143 810
143 809
143 1292
809 810
810 1292
77 844
844 845
844 1241
1266 1350
727 765
727 764
237 1485
1034 1485
493 1224
493 494
493 1289
494 1224
494 1289
23 1002
23 88
23 1288
88 1002
1002 1288
88 1288
901 960
218 901
901 1440
218 960
960 1440
218 1440
242 603
603 613
603 1209
1189 1381
634 1381
634 1430
15 311
308 311
311 1429
15 308
15 1429
732 956
956 957
956 1406
732 957
732 1406
957 1406
431 1110
1311 1443
1163 1334
1163 1459
1063 1365
127 1365
1324 1365
127 1063
1063 1324
127 1324
883 1421
226 883
226 1421
226 1432
640 648
648 828
648 1346
640 828
640 1346
828 1346
294 1188
294 326
294 1371
450 452
450 1362
452 1362
365 1338
365 366
1183 1242
1183 1479
635 973
872 973
67 1308
67 1234
67 1329
1234 1308
1234 1329
190 330
330 334
330 1267
190 334
190 1267
819 989
238 819
819 1325
1154 1310
1154 1275
1154 1420
69 220
69 1435
90 220
90 1435
220 1435
272 274
274 1180
271 272
271 1180
83 1002
83 664
83 1213
664 1002
1002 1213
664 1213
130 1324
130 1208
94 271
94 549
94 1180
271 549
549 1180
212 1402
35 212
212 1438
35 1402
35 1438
180 1449
180 1206
1206 1449
1449 1470
911 1187
441 911
911 1384
80 1097
80 174
80 1445
32 1202
32 1098
32 1435
1098 1435
815 1219
814 815
815 1312
1219 1312
814 1312
296 335
296 334
296 1465
198 1336
198 1396
1308 1336
1336 1396
1308 1396
1114 1263
425 1419
1149 1416
1149 1272
1416 1490
1272 1490
44 435
435 914
435 1275
44 914
673 674
80 673
80 674
674 1362
80 1362
104 1175
104 386
104 1211
1175 1211
512 692
485 692
485 512
512 978
747 1418
1198 1418
230 1418
948 1052
522 948
522 1052
1052 1382
522 1382
1159 1243
786 1333
786 1049
786 1406
1049 1333
1333 1406
1049 1406
398 1064
398 401
398 1257
1064 1257
1371 1469
1410 1469
109 117
109 1271
109 1407
329 330
192 329
329 1267
192 330
192 1267
825 1302
824 825
824 1302
1302 1325
824 1325
620 660
620 1413
67 578
67 576
576 578
578 1234
576 1234
1110 1135
444 1135
22 111
33 111
111 1407
22 33
22 1407
33 1407
1187 1268
909 1268
1268 1384
595 1000
595 1400
1000 1231
1000 1400
590 1336
942 1336
590 942
198 590
198 942
800 1125
722 800
800 1434
722 1125
1125 1434
118 1226
118 119
118 1402
119 1402
1299 1446
1203 1446
305 670
305 475
305 1218
475 670
670 1218
475 1218
1156 1376
1266 1376
1170 1376
1068 1341
69 1068
1068 1435
69 1341
191 1190
1190 1397
191 1305
1305 1397
191 1397
850 968
850 969
968 969
1178 1279
353 1178
1178 1472
353 1279
1279 1472
353 1472
950 1453
410 421
410 1453
774 775
631 775
775 1458
631 774
774 1458
487 1388
1338 1388
486 1388
128 184
184 919
128 919
128 1290
196 922
922 923
143 922
945 1328
367 945
945 1361
367 1328
1328 1361
367 1361
1295 1369
1216 1295
1295 1492
1216 1369
1369 1492
1216 1492
494 1164
1164 1289
494 1223
1223 1289
166 1480
1399 1480
358 945
490 945
358 1361
490 1361
358 490
152 1371
1371 1394
6 935
6 85
6 1207
85 935
1198 1283
1172 1198
1172 1283
1283 1418
1172 1418
358 367
266 864
266 544
1326 1327
1327 1447
1167 1447
452 1411
292 1256
292 1188
292 1265
1188 1256
1256 1265
1188 1265
433 1093
433 1138
433 1387
1166 1325
1166 1260
1166 1342
1260 1325
1325 1342
853 1027
187 1027
1017 1027
187 853
853 1017
187 1017
104 1284
386 1284
870 1400
752 1307
752 1312
1177 1307
1307 1312
1177 1312
810 873
139 873
873 1292
139 810
627 1455
878 1298
878 1199
878 1389
576 1329
1150 1227
1227 1250
99 382
382 1356
99 1285
1285 1356
99 1356
120 313
313 317
313 1351
120 317
120 1351
317 1351
602 1030
261 602
602 1301
132 455
288 541
541 542
542 1291
677 679
140 679
140 677
677 1292
140 1292
240 1325
240 824
824 1401
221 896
896 897
896 1258
519 560
560 561
560 1293
45 926
21 1237
21 27
21 1277
27 1237
1237 1277
27 1277
1172 1281
1172 1276
1172 1440
1281 1440
1276 1440
478 970
421 970
407 970
983 1247
983 984
983 1264
984 1247
1247 1264
984 1264
586 590
586 587
586 1366
587 590
590 1366
587 1366
229 903
229 904
229 1281
903 904
903 1281
904 1281
637 1189
596 654
596 656
654 656
654 655
655 656
815 1125
815 1434
1125 1219
1219 1434
479 480
479 1395
18 928
18 472
18 1376
472 928
928 1376
1158 1184
1184 1473
1218 1314
539 1218
1218 1372
539 1314
1314 1372
539 1372
877 1106
18 877
18 1106
1208 1385
354 1010
16 354
354 1472
16 1010
1010 1472
16 1472
717 1382
962 963
963 964
963 1255
1222 1473
56 975
56 77
56 1241
77 975
975 1241
101 401
101 402
101 423
404 1354
1270 1354
681 1354
696 1318
696 977
977 1318
977 1378
663 829
75 663
75 829
829 1253
75 1253
127 1097
1097 1324
127 130
630 648
630 828
630 1346
223 1117
1117 1443
223 1258
1258 1443
52 57
53 57
57 1300
148 1375
1375 1449
148 1429
148 1449
821 823
384 821
821 1211
384 823
823 1211
384 1211
369 1244
1244 1360
369 1328
1328 1360
31 667
31 78
31 1273
667 1273
78 1273
227 906
906 907
227 907
907 1187
695 696
260 695
260 696
260 1318
226 827
226 826
226 1262
34 1062
111 1062
34 111
34 1344
111 1344
105 584
580 584
584 1234
580 1234
591 1135
444 591
591 1357
1135 1357
595 993
1216 1428
146 1216
1216 1436
146 1428
1428 1436
146 1436
137 675
137 676
137 1230
249 1045
249 839
249 1376
839 1045
839 1376
179 661
267 661
661 1469
179 267
267 1469
25 1056
1056 1208
25 124
25 1208
482 1204
521 524
524 566
521 566
521 1374
668 1405
1315 1405
192 1405
105 585
585 1234
585 1404
489 953
126 953
953 1431
126 489
489 1431
126 1431
759 1264
432 1174
1174 1387
432 1349
1349 1387
432 1387
715 1251
715 1439
1251 1269
1269 1439
1251 1439
911 1276
726 976
726 1036
726 1414
192 343
343 668
343 1405
677 1290
677 1055
141 677
1055 1290
141 1290
141 1055
116 1210
116 574
116 1277
1210 1277
574 1277
279 1043
280 1043
1043 1221
279 280
279 1221
280 1221
930 932
254 930
930 1354
254 932
932 1354
1112 1381
1112 1400
1381 1400
1282 1400
546 1278
546 1455
916 1001
916 1000
916 1400
1000 1001
1001 1400
1205 1216
1205 1484
1216 1484
266 1070
283 1070
1070 1334
266 283
283 1334
229 1359
1281 1359
904 1359
226 1249
1249 1262
1262 1421
1166 1301
303 1315
303 669
303 1463
1315 1463
669 1463
582 583
581 582
582 1360
581 583
583 1360
581 1360
277 1399
277 278
277 1480
278 1480
620 633
633 660
633 1413
135 449
449 450
449 1322
135 450
135 1322
678 699
140 699
140 678
678 1292
483 695
694 695
605 612
612 1023
612 1235
605 1023
1023 1235
636 637
607 636
636 1368
304 306
304 1162
304 1218
115 1207
115 1300
110 1207
110 1300
153 661
274 661
661 1238
1049 1198
1198 1406
765 1458
738 1458
1247 1458
738 765
738 1247
1250 1350
501 1332
332 338
332 345
332 1185
444 592
653 1346
653 1368
230 1172
230 1373
464 545
545 1291
464 1163
1163 1291
614 1209
243 614
614 1413
243 1209
243 1413
1190 1267
1190 1248
1190 1465
1248 1267
1248 1465
934 969
368 369
61 368
61 369
74 210
74 82
267 268
267 662
267 1394
268 662
268 1394
662 1394
351 1252
351 1205
351 1429
788 1054
216 788
788 1187
216 1054
1054 1187
831 832
152 831
831 1469
541 947
540 947
947 1487
14 57
57 108
57 1271
14 108
14 1271
108 1271
557 559
556 557
521 559
521 556
395 461
100 461
461 1337
469 875
875 1298
256 469
256 1298
469 1298
173 533
173 1372
1149 1210
1161 1182
1182 1210
86 88
23 86
86 1288
257 395
382 395
395 1158
552 1236
551 552
551 1236
551 1478
350 1205
350 351
350 1252
287 1041
1041 1459
287 1294
1294 1459
287 1459
394 710
394 972
394 1347
494 499
494 940
499 940
499 1224
940 1224
241 989
241 819
218 1276
901 1276
740 792
792 1072
740 793
793 1072
740 1072
1105 1255
415 1105
1105 1380
415 1255
415 1380
762 1403
367 368
367 1358
96 390
390 1171
145 1142
474 1185
537 1185
474 1116
474 537
537 1116
469 1251
423 469
469 1439
423 1251
423 1439
525 1052
1023 1455
1235 1455
605 1455
793 794
793 799
793 1316
794 799
794 1316
799 1316
507 531
507 509
507 1419
509 531
509 1419
588 1227
588 592
588 1304
1215 1270
1215 1348
403 1270
1270 1348
403 1348
961 1418
729 1418
863 1241
62 863
863 1379
62 1241
1009 1089
1008 1009
1009 1468
1008 1089
1089 1468
1008 1468
67 198
67 582
198 582
582 1308
596 658
650 658
596 650
596 1417
48 1107
710 1107
1107 1197
48 710
48 1197
710 1197
437 887
132 181
132 1362
899 900
229 900
900 1281
229 899
1161 1224
1161 1328
1161 1475
41 72
41 1300
72 1213
1213 1300
72 1300
23 1207
1207 1288
760 774
760 799
760 1186
774 799
774 1186
799 1186
777 1186
728 777
777 1297
728 1186
1186 1297
728 1297
408 564
408 717
408 1005
545 1294
1163 1294
981 1294
1168 1361
1361 1475
0 116
116 1363
0 1277
1277 1363
477 936
193 477
477 1405
936 1405
1174 1262
146 1326
1326 1428
491 493
491 1475
492 493
492 1475
493 1475
466 1323
1201 1323
1323 1482
267 1238
152 267
152 1238
1238 1394
478 479
399 478
478 1348
245 1370
245 1035
245 1485
1035 1370
1370 1485
1035 1485
1158 1199
1158 1317
1317 1347
1158 1347
1166 1209
465 466
465 1481
204 1194
204 205
204 1331
205 1194
1194 1331
111 1173
10 111
111 1277
10 1173
1173 1277
10 1277
594 620
737 768
768 1312
768 1460
64 1021
1021 1284
1021 1342
241 1060
241 1342
1060 1284
1060 1342
428 429
351 429
429 1252
351 428
428 1252
438 882
882 884
882 1199
1283 1406
1283 1440
1172 1406
1406 1440
929 1045
929 1376
928 1045
765 766
738 766
1218 1248
1162 1248
446 447
138 447
138 446
446 1322
138 1322
947 1291
754 805
805 806
805 1398
754 806
754 1398
806 1398
312 555
167 555
555 1375
167 312
167 1375
339 1071
474 1071
1071 1185
339 474
339 1185
157 279
279 1323
157 280
157 1323
1207 1212
1152 1212
1212 1288
1245 1259
1156 1245
1245 1448
1156 1259
1259 1448
1156 1448
1213 1385
148 1236
148 307
307 1375
215 1307
215 1118
215 1403
1118 1307
1307 1403
1153 1399
212 1306
790 1187
790 1373
162 551
162 550
550 551
550 1478
24 430
430 1019
164 547
164 548
164 1393
547 548
399 406
406 478
406 1348
727 983
764 983
1351 1383
1351 1484
1252 1383
1383 1484
1135 1192
430 1020
710 1222
710 1317
506 1053
505 506
505 1053
1053 1255
505 1255
590 591
199 590
590 1227
199 591
591 1227
631 765
631 1128
1128 1458
1309 1313
1299 1450
1205 1299
1299 1477
1450 1477
1205 1477
1309 1472
1313 1472
1161 1404
1161 1474
519 874
518 519
519 1286
518 874
874 1286
518 1286
1204 1257
713 1204
1204 1269
687 708
411 687
687 1424
411 708
708 1424
74 1241
1184 1246
1184 1285
1170 1246
1170 1285
79 666
79 1385
673 675
673 1230
674 675
674 1230
1151 1299
1151 1484
1299 1484
113 855
113 854
113 1321
854 855
855 1321
854 1321
534 1218
534 535
534 1427
535 1218
1218 1427
790 1172
1273 1416
1273 1299
1299 1416
1416 1446
891 909
440 891
891 1268
440 909
199 588
27 574
27 1329
1277 1329
574 1329
405 691
412 687
687 1378
412 708
412 1378
708 1378
248 1069
248 377
248 1259
377 1069
1069 1259
377 1259
865 1334
266 865
865 1343
1218 1463
1267 1463
1463 1466
314 428
314 315
314 429
315 428
315 429
387 460
359 460
460 1332
359 387
359 1332
507 569
514 569
569 1419
507 514
514 1419
1114 1381
1221 1323
215 750
750 1118
750 1307
378 1332
374 378
378 1448
374 1332
374 1448
22 34
22 109
34 109
34 1407
3 1131
3 895
3 1310
895 1131
1131 1310
540 1248
540 1066
1066 1248
1248 1487
1066 1487
1181 1258
1181 1311
1258 1311
897 1311
1188 1238
269 1188
1188 1394
269 1394
407 1348
407 1395
970 1348
1348 1395
970 1395
680 994
680 1136
680 1319
994 1136
1136 1319
239 824
822 824
842 1263
842 843
843 1263
297 1066
297 540
297 1248
345 1132
337 1132
345 1427
337 1427
0 10
0 33
10 33
33 1277
570 1286
567 570
570 1419
338 1405
340 1405
331 1405
45 1146
45 1140
45 1311
1140 1146
1146 1311
1140 1311
321 1438
35 321
35 1461
954 1406
230 790
790 1418
781 782
781 1198
142 810
142 921
142 1292
810 921
921 1292
634 1282
583 1113
392 1113
30 1113
392 583
30 583
30 392
849 854
849 858
849 1390
647 1368
1278 1368
414 1042
1042 1378
414 1232
414 1378
304 475
156 475
475 1463
156 304
304 1463
156 1463
791 793
740 791
740 1316
155 1233
155 289
155 1265
289 1233
289 1265
1283 1333
1278 1282
1282 1433
1168 1366
1336 1366
198 1366
1173 1202
1164 1173
1173 1341
1164 1202
1202 1341
578 581
67 581
581 1234
21 1329
634 636
606 634
606 636
636 1433
606 1433
1450 1486
1477 1486
1299 1486
1151 1167
594 659
659 660
659 1413
1 375
1 377
1 1352
375 377
377 1352
142 1055
1290 1292
253 681
253 404
253 1354
1078 1302
354 1279
60 354
60 1279
60 1472
164 1238
164 270
270 1393
359 388
84 453
84 181
84 1243
181 453
453 1243
181 1243
1261 1456
1220 1261
1261 1477
1456 1477
1220 1477
371 381
177 181
177 1243
1231 1381
1183 1192
1183 1275
1275 1357
813 814
813 815
813 1312
299 1066
1066 1397
299 1248
1248 1397
299 1397
62 844
1170 1473
1195 1473
1150 1473
364 366
180 700
273 700
700 1470
101 1257
101 469
101 1391
469 1257
1257 1391
469 1391
419 963
419 518
419 1255
518 963
518 1255
875 1251
232 1050
383 384
384 385
384 1175
383 385
385 1175
832 1468
830 832
830 1468
830 1469
604 1209
604 613
1209 1235
613 1235
218 1123
961 1123
1123 1276
218 961
961 1276
424 1092
424 1240
409 1092
1092 1240
409 1240
258 397
397 1065
397 1391
744 1219
744 814
229 787
787 904
787 1359
1256 1399
1256 1451
134 144
134 953
134 1386
144 953
144 1386
953 1386
209 1194
82 209
209 1331
82 1194
219 1168
219 1303
231 1249
226 231
231 1262
120 555
120 1461
1375 1461
555 1461
51 123
123 487
123 1388
51 487
51 1388
393 1145
1144 1145
1145 1287
393 1144
393 1287
1144 1287
129 1115
129 674
129 1362
674 1115
1115 1362
58 108
108 200
108 1306
399 1057
406 1057
1057 1348
629 1137
629 647
629 1278
117 1306
1306 1423
360 1309
1167 1178
1178 1326
1279 1326
264 745
264 1198
264 1454
275 300
275 289
289 300
165 300
165 289
823 1175
823 1367
1175 1367
384 1367
134 1239
13 134
1239 1386
749 782
782 1333
525 563
22 36
36 68
36 1341
22 68
22 1341
68 1341
1182 1237
1210 1237
1149 1237
403 406
406 950
406 410
1179 1300
1207 1272
1272 1300
162 552
552 553
553 1478
1242 1250
41 664
41 189
189 664
189 1213
188 1139
180 188
188 1243
1139 1243
180 1243
210 1027
187 210
187 1241
24 592
592 1019
1158 1170
323 324
59 324
324 1471
59 323
323 1471
59 1471
805 1217
733 805
805 1454
733 1217
733 1454
292 1305
989 1260
99 472
99 1246
745 1283
745 1418
774 1297
774 1247
1247 1297
171 1162
171 306
171 1201
741 1414
293 867
293 1214
867 1084
1084 1214
867 1214
371 372
37 372
372 1358
37 371
602 1441
1129 1441
261 1441
602 1129
261 1129
336 338
159 336
336 1314
159 1314
756 761
885 1229
226 885
226 1229
734 751
734 752
734 1307
751 752
751 1307
408 525
408 1052
408 1382
782 802
783 802
802 1333
782 783
1151 1239
1151 1436
1193 1239
520 563
346 700
50 700
700 1449
50 346
346 1449
50 1449
50 1243
700 1243
1243 1449
424 1104
424 1103
1103 1104
1104 1240
1103 1240
634 637
395 396
395 1391
396 1337
1337 1391
396 1391
148 272
272 1470
1236 1470
148 1470
357 945
149 357
149 945
945 1474
264 729
729 745
678 873
678 943
139 678
873 943
139 943
166 269
166 268
268 269
269 1451
268 1451
916 1462
1282 1462
762 763
727 763
763 1476
81 663
81 1206
81 1353
244 603
603 1301
244 1209
298 538
298 539
538 539
425 1053
516 1053
1053 1286
750 751
721 751
721 750
721 1307
91 1353
1353 1456
1087 1088
623 1088
1088 1319
623 1087
1087 1319
263 771
771 782
771 1437
1163 1233
1163 1214
1214 1233
1233 1343
1214 1343
138 449
447 449
400 1046
400 1064
400 1464
1199 1432
1317 1432
884 1432
379 1080
98 379
379 1425
98 1080
1080 1425
723 1018
723 806
723 1217
806 1018
1018 1217
806 1217
130 1056
130 1385
1056 1385
285 865
865 1130
865 1233
285 1130
285 1233
1130 1233
16 363
363 1010
363 1472
278 1043
1043 1399
278 279
36 1435
1068 1098
36 1098
36 1068
58 212
117 212
58 117
58 1402
117 1402
729 1123
1123 1418
1097 1411
1097 1365
1411 1445
1365 1445
241 818
818 1325
818 1401
104 385
104 384
606 645
606 646
645 1433
106 357
356 357
357 1313
103 384
460 1361
753 1125
735 753
753 1377
735 1125
1125 1377
735 1377
223 940
938 940
937 940
1153 1214
1153 1163
1167 1169
1149 1167
1167 1491
1149 1169
1169 1491
1149 1491
578 1329
241 616
241 1260
616 989
605 611
611 612
466 1221
1221 1482
339 345
1226 1423
1402 1423
118 1423
228 784
215 1217
770 1217
619 658
185 1026
186 1026
185 186
185 1241
186 1241
77 185
56 185
81 177
177 663
1153 1254
1153 1221
1221 1254
1254 1480
1221 1480
767 1312
738 767
767 1460
738 1312
1168 1244
1168 1358
965 1255
419 965
965 1419
419 1419
886 1387
886 887
886 1421
37 380
37 379
37 1425
379 380
380 1425
882 883
169 882
882 1432
588 1366
1231 1263
624 1263
624 1319
111 112
10 112
112 1277
1163 1482
1163 1488
145 468
144 468
468 1489
1325 1441
1166 1441
148 346
148 700
226 1268
1131 1420
219 1475
1250 1475
466 952
837 1284
996 1000
625 1000
1234 1296
833 1410
833 1371
833 1469
261 825
261 1325
1175 1245
389 1175
389 1448
771 772
771 1454
263 772
263 1454
443 1275
443 1135
443 1357
410 1099
409 410
410 915
40 1213
23 40
40 1300
23 1213
23 1300
46 899
898 899
46 1187
898 1187
1111 1138
1111 1387
1203 1365
1203 1444
1411 1444
1365 1444
70 90
70 89
70 1339
80 1203
1203 1445
365 1160
92 207
207 704
92 704
704 1353
1155 1351
1226 1351
1351 1461
1215 1453
616 1060
1060 1260
1217 1307
751 1217
1307 1437
751 1437
412 1099
412 1232
482 1270
260 1270
1270 1395
543 1214
284 543
543 1343
284 1214
284 1343
259 714
480 714
714 1464
259 480
259 1464
480 1464
1012 1480
439 1093
1170 1249
1170 1199
1170 1345
1199 1249
1199 1345
739 815
739 1125
739 1434
1149 1279
29 116
99 1184
796 1036
759 796
796 1414
759 1036
610 1209
21 575
21 576
575 576
575 1329
219 499
499 1303
219 1224
1224 1303
614 618
614 1076
618 1076
1076 1462
227 905
227 903
903 905
905 1281
744 766
128 458
128 131
128 1230
131 458
131 1230
593 1166
593 1342
898 907
224 907
907 1415
224 898
224 1415
769 1118
742 769
333 936
333 477
333 1405
1237 1329
1182 1329
84 1139
1139 1206
1206 1243
1087 1119
643 1119
1119 1467
643 1087
1087 1467
728 774
61 1360
525 572
524 525
524 572
572 1374
340 341
332 341
341 1185
332 340
340 1185
39 315
315 1327
315 1447
652 1346
870 1346
448 453
448 454
830 831
411 512
512 1424
63 194
63 923
63 196
25 127
25 130
25 1324
194 924
63 924
923 924
1307 1398
565 672
520 672
672 1374
520 565
565 1374
96 370
370 371
370 1358
1154 1229
1154 1274
1229 1262
1262 1274
1229 1274
274 1468
1157 1456
195 678
678 944
195 944
195 873
873 944
56 853
853 1026
853 1379
56 1026
56 1379
1305 1488
1397 1488
1190 1488
134 451
134 1444
451 1239
1239 1444
415 516
516 1105
516 1255
720 729
720 745
720 1418
462 1144
114 1144
114 462
462 1287
114 1287
260 1422
1270 1318
810 1055
392 1244
30 589
30 1244
589 1244
1171 1244
1244 1366
1244 1442
1246 1352
1259 1352
1045 1352
1219 1377
815 1377
1090 1215
390 1244
96 1244
78 1300
497 498
498 1212
498 1223
627 980
620 627
620 980
980 1176
620 1176
245 1408
437 883
883 885
612 1413
536 537
536 1185
1185 1427
582 1244
582 1366
198 1244
486 496
9 486
9 496
9 1338
314 317
314 318
317 318
317 1252
318 1252
850 967
967 968
1185 1218
1314 1427
1016 1052
574 575
21 574
610 841
245 841
841 1364
70 1212
70 498
498 1339
153 662
153 1394
662 1238
175 1486
733 1018
1018 1454
13 145
13 144
293 543
543 1067
1067 1214
101 470
101 671
470 671
469 470
469 671
1164 1212
686 689
484 689
686 1318
484 686
173 464
173 463
463 464
464 1201
40 85
23 85
40 1207
621 634
634 1028
621 1028
621 1282
443 1096
435 1096
435 443
796 797
396 397
396 1065
78 1179
452 1115
129 452
1196 1328
1168 1196
1196 1361
101 398
398 671
671 1257
524 1016
1330 1409
468 1330
1330 1489
468 1409
596 1278
21 577
576 577
577 1329
1004 1007
1007 1029
1003 1007
1004 1029
1003 1004
1003 1029
1234 1360
755 758
758 1316
758 1434
250 879
250 881
250 1345
228 789
228 908
192 303
303 329
329 1315
362 1309
362 363
362 1472
363 1309
785 1281
785 908
785 1359
908 1359
482 713
713 918
721 1437
750 1437
1365 1386
134 1365
1365 1431
1386 1431
134 1431
1163 1481
1459 1481
1294 1481
407 1090
98 372
98 373
866 867
284 867
284 866
866 1214
626 995
1171 1191
1184 1191
168 436
436 1138
436 1387
1233 1254
1233 1480
1195 1249
1195 1345
20 578
578 1296
20 1234
20 1296
1156 1246
234 1031
539 1427
121 454
450 454
454 1362
121 1362
762 769
606 621
876 877
876 1285
256 877
256 1285
630 653
630 639
630 1355
508 1320
508 1380
1255 1320
721 748
748 750
748 1437
815 1297
1297 1434
1181 1268
1268 1415
33 1173
0 1173
1203 1450
1412 1450
978 1042
826 885
440 826
440 885
226 440
736 814
736 815
219 1479
594 612
868 1326
868 1279
868 1428
1279 1428
263 1049
263 1333
42 123
615 991
615 1260
576 1296
577 1296
1296 1329
284 864
284 542
128 129
129 131
129 1230
186 208
185 208
208 1241
337 539
346 347
147 347
347 1369
147 346
346 1369
783 784
446 1295
138 1295
1295 1322
264 958
957 958
958 1283
593 633
633 992
1162 1323
171 1323
561 571
517 571
571 1374
517 1374
224 897
224 1181
147 351
147 350
200 204
1179 1194
311 312
120 311
571 672
561 672
230 720
720 790
1221 1340
474 536
275 276
155 275
275 1233
155 276
499 1479
619 979
916 979
979 1417
113 852
852 854
852 1321
1307 1460
1177 1460
535 670
534 670
259 713
259 712
774 1128
738 1219
1219 1460
81 91
81 175
81 1486
778 1373
108 109
108 117
893 911
892 893
893 1384
892 911
892 1384
223 1280
223 1303
940 1280
1280 1303
940 1303
117 118
118 212
150 831
150 1469
377 1246
377 1045
905 908
785 905
286 1399
286 1451
106 1010
106 354
106 1472
319 1237
319 320
320 1237
945 1475
1474 1475
151 1394
309 1394
1394 1451
309 1451
344 669
344 668
344 1315
104 818
426 818
818 1284
104 426
426 1284
1186 1219
1219 1247
1219 1476
468 1309
1309 1330
140 183
140 194
183 194
183 1292
194 1292
770 782
589 1366
28 590
28 1336
28 942
666 1213
666 667
667 1385
249 889
249 255
445 1295
50 445
445 1369
50 1295
50 1369
8 38
38 319
38 1344
1087 1136
643 1136
1136 1467
460 1196
324 325
20 325
20 324
324 1296
976 1072
758 1072
798 1072
758 976
758 798
457 1295
1295 1444
554 555
167 554
554 1375
642 973
597 642
642 1430
136 1216
136 1126
136 1295
1126 1216
1126 1295
998 1112
625 998
998 999
625 1112
999 1112
625 999
12 496
133 182
182 183
182 1290
133 183
133 1290
183 1290
71 1164
71 494
494 1202
302 1463
302 1323
302 1466
1323 1463
1323 1466
260 483
1151 1203
1151 1165
1165 1203
1203 1239
1165 1239
633 990
633 1209
990 992
990 1209
222 893
222 895
222 1310
893 895
893 1310
325 355
355 1296
464 1294
1093 1274
1094 1274
1274 1420
1228 1386
900 1187
442 1187
269 662
518 570
419 570
518 1419
1170 1389
1345 1389
1372 1427
1248 1314
1267 1314
365 502
4 502
4 365
4 1338
1162 1465
1465 1466
1188 1393
1155 1299
1155 1457
1416 1457
1299 1457
958 1018
958 1454
264 1018
416 685
685 1318
685 1378
1221 1481
1248 1372
1248 1488
1162 1372
1162 1488
1009 1253
1089 1253
1253 1468
409 421
409 1453
549 1238
1206 1412
81 1412
1412 1486
424 1032
424 513
513 1032
1032 1232
513 1232
1211 1401
384 1401
763 1219
763 1247
216 225
225 907
225 1415
216 907
674 1097
1097 1115
1097 1362
59 1182
59 577
59 1296
577 1182
1182 1296
1152 1385
1152 1446
1208 1446
735 815
735 1312
1312 1377
53 77
77 1331
277 1013
160 277
634 842
600 842
600 634
273 1008
273 1468
645 1455
608 609
55 1321
55 1379
846 1321
1321 1379
283 865
283 1233
1233 1334
227 898
227 1415
1163 1201
1197 1337
396 1197
396 1347
909 910
910 1187
910 1268
150 833
831 833
961 1440
1276 1418
1418 1440
682 690
251 682
682 1354
251 690
690 1354
251 1354
779 788
788 1373
102 460
102 387
102 1332
849 967
847 849
35 119
35 118
591 1336
28 591
28 1357
431 1111
431 1349
74 209
209 1456
74 1194
1194 1456
564 948
4 495
194 503
194 699
726 1316
726 1264
1264 1316
1316 1414
875 878
878 1251
107 1309
107 364
107 1409
248 1045
107 468
364 468
75 830
75 1335
829 830
125 1324
125 1063
125 1431
1324 1431
1063 1431
505 516
505 1105
1168 1227
1168 1171
738 768
742 768
416 687
685 687
1150 1249
1150 1174
1249 1473
250 839
839 881
839 1345
292 1108
291 292
849 859
847 859
859 1073
849 1073
1204 1354
31 82
78 82
82 1457
31 1457
78 1457
637 973
642 651
642 1355
203 703
19 703
19 203
203 1220
19 1220
1095 1096
1096 1420
1095 1275
1095 1420
1158 1222
344 477
333 344
344 1405
483 690
251 483
483 1354
546 1137
1383 1447
538 1218
538 1427
434 1095
434 895
895 1095
526 717
526 706
526 1382
149 491
491 945
945 1225
491 1225
370 372
479 1059
480 1059
544 545
114 1442
920 1292
432 436
432 1107
432 1317
436 1107
436 1317
1323 1340
157 1340
1340 1466
157 1466
656 1137
629 656
656 1278
144 1228
953 1228
266 1143
79 667
238 824
773 984
773 1264
1400 1417
1181 1262
1262 1415
1181 1229
316 323
316 716
316 1471
323 716
716 1471
133 1292
1171 1304
433 1274
1274 1349
257 1197
257 1391
395 1197
1197 1391
1047 1230
129 1047
1047 1362
1230 1362
50 180
177 1200
176 177
177 1412
176 1200
176 1412
678 679
252 682
252 930
252 1015
682 930
682 1015
930 1015
1271 1272
109 1272
1272 1407
766 767
766 1219
767 1219
251 932
251 930
13 1444
1189 1263
1156 1352
1332 1352
1352 1448
1182 1234
808 1398
724 808
724 1398
1152 1164
800 801
740 800
740 801
801 1316
763 765
999 1088
623 999
999 1319
932 1124
251 1124
1124 1354
407 1127
1059 1127
407 1059
849 860
859 860
229 1276
229 1440
403 1318
1318 1483
171 466
1367 1370
1175 1370
35 203
203 321
203 1438
341 1405
661 1008
661 1468
179 1008
179 1468
185 975
438 1251
539 1487
1161 1234
225 1181
225 1146
1146 1181
1146 1415
395 1356
998 1319
689 977
485 689
484 977
484 485
485 977
1242 1249
231 1242
219 494
712 715
66 451
66 134
66 1365
723 1398
753 806
753 1398
239 825
420 511
508 511
511 1320
420 508
420 1320
758 801
755 801
801 1434
1159 1295
1159 1492
415 962
1154 1174
1154 1249
597 641
641 642
641 1355
1009 1206
539 1248
1154 1258
1345 1376
1157 1450
1169 1407
1169 1271
1169 1423
1213 1273
1179 1273
15 1252
15 351
604 645
605 645
74 1027
186 1027
832 1089
179 1089
255 1266
249 1266
1266 1345
273 274
274 1008
379 1358
1358 1425
701 1223
9 701
701 1338
9 1223
1223 1338
1100 1101
296 1101
1101 1465
296 1100
1100 1465
88 1038
86 1038
1038 1288
804 805
804 1217
804 1398
1158 1337
1158 1197
789 905
789 906
905 906
906 1281
1182 1471
1296 1471
389 1367
143 503
802 1109
749 802
263 786
120 321
321 555
1084 1305
1214 1305
1214 1397
166 277
956 1049
726 1186
726 756
1186 1264
756 1264
301 1393
1194 1220
205 1220
71 90
71 1339
199 587
199 1366
742 762
1111 1222
1020 1111
1020 1349
55 852
420 512
420 693
420 1424
512 693
309 1188
1188 1451
531 1053
425 531
425 1255
1159 1205
2 204
2 200
2 1194
1302 1441
527 528
57 1179
14 1179
976 1316
463 545
287 463
287 545
66 1063
66 127
452 1365
1115 1365
1115 1411
820 821
384 820
820 1401
890 1131
3 890
1131 1229
3 1229
1154 1181
1181 1310
1310 1311
209 704
91 209
91 704
704 1456
649 828
640 649
649 1346
1358 1426
17 40
40 935
1173 1344
1277 1344
826 910
440 910
1158 1298
405 683
683 684
544 981
785 904
785 903
1251 1257
86 1212
1192 1227
61 367
357 367
257 1298
1285 1298
471 1298
257 471
471 1285
757 983
757 984
757 1264
1385 1445
1213 1288
1117 1311
775 776
260 1215
1127 1215
1215 1395
650 1189
650 1346
650 1400
542 543
1150 1349
1192 1349
1349 1392
414 978
601 632
242 601
601 1441
403 684
403 683
403 1422
276 1254
1249 1266
80 1411
674 1411
798 1316
741 1316
1216 1239
1151 1216
420 1074
707 1074
1074 1320
420 707
939 942
938 942
938 939
43 939
43 938
300 1265
96 368
207 917
211 917
526 718
672 718
526 672
672 1382
438 1439
254 438
438 715
254 1439
254 715
1177 1377
1377 1398
469 1197
1197 1257
67 575
198 575
575 1308
1265 1451
275 1451
1031 1078
1146 1262
175 1412
1299 1412
60 325
325 716
325 1471
60 716
60 1471
1212 1388
112 1237
38 112
38 1237
1237 1344
42 487
42 1388
300 301
165 1188
300 1188
49 868
868 1447
49 1326
49 1447
887 1432
942 1308
970 1059
479 970
480 970
247 1364
247 837
247 1370
104 820
104 1401
1255 1286
318 1226
318 1351
1324 1388
125 1388
131 455
131 454
454 455
454 1230
1206 1450
1191 1287
1171 1356
65 673
999 1231
8 318
119 318
318 1383
263 783
783 786
1351 1477
1155 1477
1477 1484
1155 1484
271 1393
1178 1428
1082 1305
1243 1369
400 714
400 480
571 1382
614 1235
151 267
151 268
134 457
1191 1337
532 1337
1337 1356
532 1356
846 863
863 966
863 1321
252 438
252 880
252 1439
438 880
880 1439
99 1080
376 1080
1080 1246
99 376
285 289
289 290
285 290
285 1265
488 489
11 488
11 489
489 1228
11 1228
4 1225
4 493
4 1289
493 1225
596 649
649 655
427 992
992 1061
992 1342
427 1061
42 1212
42 1037
1037 1212
1037 1288
511 1240
511 1042
511 1424
106 360
106 362
106 1309
360 362
1146 1242
231 1146
197 291
197 290
197 1214
291 1214
290 1214
1169 1344
1169 1226
1169 1383
1226 1344
620 1462
618 980
980 1462
1224 1308
1224 1396
1303 1308
1303 1396
1386 1489
1489 1490
53 1194
57 1331
1156 1175
164 271
743 1217
743 770
770 1403
465 1085
173 465
173 1085
1085 1201
771 1217
172 1132
172 337
772 1198
80 176
176 1411
80 1200
277 1043
1043 1480
734 1312
1254 1481
681 690
405 690
690 1422
405 681
1165 1365
72 189
40 72
40 189
97 459
373 459
459 1196
97 373
97 1196
373 1196
926 1311
335 1190
299 335
335 1248
299 1190
357 360
1051 1195
1051 1133
160 280
216 826
826 1415
216 1268
28 939
939 1280
28 1280
942 1280
214 1050
1050 1370
1060 1061
892 1268
3 892
3 1268
3 1384
761 1452
1164 1207
1164 1272
797 1024
795 797
795 1024
1024 1414
795 1414
252 931
438 931
880 931
86 89
70 86
1151 1490
1151 1416
1490 1491
1416 1491
202 212
35 202
960 961
642 643
642 1136
642 1263
1136 1263
297 337
336 337
297 336
297 869
336 869
732 1283
699 873
699 810
1151 1446
289 1130
1150 1154
1150 1274
1174 1274
432 1111
1402 1461
119 317
119 321
430 1145
1145 1191
350 428
49 350
350 1447
49 428
428 1447
568 570
514 570
514 568
568 1419
804 1452
83 1288
1288 1385
327 1340
327 328
327 1465
328 1340
1340 1465
328 1465
1243 1412
1239 1492
11 953
297 335
297 299
41 666
285 866
865 866
866 1233
1398 1476
225 1311
391 1145
1145 1442
377 929
91 705
705 1353
705 1486
1082 1083
1083 1397
719 1442
265 282
265 1334
282 1254
1254 1334
282 1334
482 1124
482 483
1229 1310
1229 1420
11 366
11 12
11 1409
1014 1354
682 1014
1014 1439
1354 1439
682 1439
432 710
436 710
15 313
15 314
313 314
313 1252
103 823
920 925
184 920
950 1348
406 1215
388 389
213 388
628 1278
555 1220
1220 1375
190 328
190 1101
190 1465
328 1101
1445 1446
937 1202
937 1435
784 786
784 1406
1011 1258
1011 1443
158 1248
158 1488
349 1326
349 352
349 1428
352 1326
352 1428
803 804
803 1398
724 804
863 934
934 966
934 1321
26 823
26 821
684 1318
940 1396
1280 1396
140 676
676 677
676 1292
312 1236
167 1236
422 424
422 1091
422 1232
147 1216
147 348
348 1216
348 1369
1304 1442
1304 1366
1180 1410
1180 1393
757 987
757 986
103 389
29 1396
1210 1396
1120 1327
868 1120
1120 1447
868 1327
148 1157
1154 1192
1150 1183
486 1212
42 486
720 1276
720 1123
770 771
848 1390
225 1140
44 939
939 941
44 941
941 1280
912 1123
720 912
24 588
24 1304
236 646
236 621
236 1176
1377 1476
755 1398
755 1476
721 1198
404 1204
404 1057
404 1348
1057 1204
143 924
1145 1304
1287 1304
92 705
704 705
1191 1304
138 456
456 1295
456 1322
1126 1436
1295 1436
852 1379
344 476
476 477
476 1405
762 1460
255 1195
255 1051
442 901
900 901
442 1276
900 1276
32 1068
32 69
32 937
220 937
32 220
206 207
74 207
207 1456
837 1021
1021 1364
19 555
19 554
19 1261
555 1261
988 1024
796 988
988 1414
796 1024
743 771
771 1452
75 832
75 1089
75 1468
1184 1425
1246 1425
99 1425
720 747
437 886
886 1432
473 474
473 1071
473 1185
513 1104
418 1104
418 513
513 1240
418 1240
61 585
14 1272
84 180
158 1066
158 1397
1178 1491
191 1082
159 1267
336 1267
1457 1477
321 1402
954 1440
313 1429
624 651
651 1263
624 642
203 555
203 1461
803 1217
593 1021
593 1364
1342 1364
560 562
559 560
559 562
519 527
527 1293
523 817
523 528
523 1293
528 817
817 1293
1239 1365
187 863
187 1379
964 965
964 1320
965 1320
594 1022
594 1455
612 1022
612 1455
34 117
34 1423
259 1257
1257 1464
713 1464
113 934
113 1390
645 1023
1038 1212
358 460
460 490
19 206
206 1261
1228 1489
1054 1281
211 1236
334 336
335 336
600 1028
735 752
752 1377
248 385
385 386
238 1441
893 894
442 893
310 833
310 1469
1354 1422
484 694
495 1289
495 701
701 1289
1289 1338
122 1037
412 1424
708 1240
294 553
1147 1294
5 1147
1147 1481
5 1294
5 1481
1204 1270
256 470
470 1298
141 919
919 1055
687 688
416 688
490 491
53 1179
711 1197
48 711
711 1257
48 1257
59 1237
47 1274
1192 1274
724 805
6 1339
6 69
6 1341
954 955
730 955
730 954
730 1440
47 1357
367 1196
358 1196
205 208
204 208
208 1331
332 1071
332 473
52 115
17 115
17 52
517 573
517 572
572 573
1195 1250
1350 1426
195 810
195 809
195 699
217 954
217 955
217 1406
955 1406
238 601
601 1129
119 319
318 319
1280 1336
1280 1357
1344 1423
721 747
721 745
745 747
14 109
1162 1340
1162 1190
934 1017
113 862
113 1017
862 1017
446 1243
50 446
1243 1295
516 518
423 1014
1014 1269
107 361
1224 1225
376 472
414 696
414 977
856 1390
526 565
353 354
60 353
146 352
146 349
1062 1226
1062 1423
51 489
51 488
51 1431
316 1279
316 1327
938 1396
505 1380
24 1145
1145 1392
892 909
891 892
573 1293
1293 1374
838 1045
760 1247
739 777
739 1025
739 1297
777 1025
127 1115
1115 1324
639 1346
755 756
595 1001
1037 1038
87 1038
87 1037
87 1212
262 878
262 875
262 1251
1177 1219
726 759
510 964
510 965
510 1320
308 351
154 295
154 328
154 1256
295 328
295 1256
328 1256
1289 1475
1225 1475
39 318
1005 1007
717 1007
408 1007
408 1004
408 1029
408 949
949 1004
949 1029
67 1360
415 518
996 998
1167 1182
1182 1279
247 838
838 840
247 840
837 840
219 493
163 1108
163 292
163 1265
442 913
901 913
913 1276
128 1048
1048 1230
1048 1290
68 69
68 1068
252 878
878 1015
878 1439
1015 1439
638 973
637 638
161 552
161 834
161 1410
578 580
579 580
578 579
579 1234
228 1359
1122 1359
784 1359
228 1122
784 1122
901 1281
14 1300
1142 1436
292 295
292 974
295 974
974 1256
157 327
327 1466
31 174
31 1446
818 820
240 820
240 818
912 913
218 912
218 913
508 509
420 509
509 1320
29 575
838 839
249 838
11 364
523 557
523 573
1169 1484
1169 1416
1416 1484
1484 1491
272 1253
517 527
517 817
527 817
70 87
86 87
748 778
719 1144
391 719
396 933
397 933
933 1065
282 1040
282 1459
265 1459
1040 1459
145 1436
564 949
949 1382
1086 1119
235 1086
1086 1087
235 1087
9 498
9 497
161 1335
1169 1272
1034 1035
245 1034
958 1198
209 1457
82 91
427 1060
236 614
236 1235
1022 1023
546 1022
546 1023
75 178
178 663
265 1013
1013 1254
159 330
330 1314
231 255
231 1051
231 1195
73 205
73 1194
115 935
6 115
1308 1328
1234 1328
141 1048
137 141
137 1048
137 1290
1155 1169
77 851
851 975
975 1379
851 1379
326 833
930 931
930 1439
254 931
931 1439
946 947
298 947
971 1222
1220 1457
484 696
46 900
196 1292
297 1267
217 1359
217 784
1359 1406
1330 1491
1489 1491
855 1390
1359 1373
428 1120
315 1120
1162 1463
649 650
835 843
835 1467
836 843
843 1467
523 559
523 556
1387 1432
697 698
422 697
697 1215
422 698
698 1215
422 1215
93 833
93 326
5 1459
5 466
466 1459
675 1047
137 1047
619 980
619 627
619 1462
864 865
16 353
655 828
408 718
1202 1396
1183 1250
599 999
599 1088
417 962
183 196
133 196
131 450
131 452
131 1362
661 662
155 281
276 281
281 1233
243 615
614 615
1432 1473
241 426
438 878
878 880
880 1199
735 813
1178 1330
1330 1472
96 1113
96 392
1113 1244
1335 1469
1196 1358
1099 1453
1453 1483
977 978
356 585
992 1021
724 754
192 331
331 343
529 530
722 801
1070 1233
281 1070
281 1334
144 1409
244 602
602 608
730 1283
157 303
157 302
302 303
303 1466
773 774
631 773
1166 1401
1035 1121
237 1035
237 1121
816 1307
53 76
76 78
76 844
306 670
306 535
149 365
365 491
205 702
205 206
206 702
1296 1313
41 76
76 1300
622 999
622 1114
999 1114
999 1381
1174 1192
123 125
25 125
25 123
123 1324
158 1214
1214 1488
1343 1488
603 604
279 1340
1340 1399
1221 1399
76 77
76 845
771 803
771 804
350 1326
350 1216
261 1166
743 803
399 1046
479 1046
1046 1204
1215 1318
242 616
616 632
307 312
307 1429
433 1094
1094 1110
1094 1349
265 1233
265 276
47 1095
7 17
435 1095
878 879
879 1389
250 878
1179 1306
833 834
600 843
842 1467
767 814
744 767
756 759
509 1074
1335 1468
119 1062
879 880
879 1199
396 532
396 971
532 971
790 909
790 910
551 554
554 1236
167 551
291 1084
876 1376
601 602
602 603
601 603
601 1301
622 1112
622 1231
1112 1231
171 1085
306 1085
1093 1229
1005 1006
1003 1005
1006 1007
1003 1006
908 1122
234 609
234 608
234 1301
1133 1146
231 1133
984 985
773 985
985 1264
504 1105
962 1105
60 355
60 1296
893 1181
3 893
3 1181
757 759
757 1044
136 138
136 445
138 445
734 750
236 617
415 963
598 617
598 1076
617 1076
773 983
78 1194
445 446
47 1094
47 1349
10 27
10 1102
27 1102
1102 1277
356 360
629 654
654 1368
656 1368
629 1368
133 921
921 1290
697 1090
407 697
1303 1443
1028 1114
1067 1397
756 807
756 808
1360 1404
743 762
743 761
997 998
133 922
921 922
922 1292
503 924
809 924
643 835
1207 1341
380 381
380 1184
1243 1450
109 110
14 110
671 1391
721 1454
62 210
210 863
456 457
135 456
456 1444
286 1340
1179 1457
1194 1457
726 755
726 758
1152 1273
822 823
499 500
499 926
500 926
170 1044
1149 1173
1173 1210
1173 1237
573 817
620 1455
768 1118
33 36
33 1341
418 511
418 1380
511 1380
851 852
55 851
680 995
599 680
707 708
560 874
561 874
530 569
507 530
83 88
19 702
114 371
114 390
402 1464
1210 1363
33 871
249 840
255 840
45 1133
45 1350
954 956
419 964
1151 1159
4 1160
546 645
470 1197
257 470
470 1391
243 990
990 1413
1162 1221
509 1255
1218 1315
1267 1315
190 329
166 276
276 277
636 647
607 647
493 495
284 865
889 1199
201 212
30 582
30 1360
791 792
83 665
862 1134
904 1122
785 1122
835 872
635 835
732 1198
732 958
788 790
230 788
698 1032
698 1232
422 1032
486 498
486 1223
176 181
256 471
470 471
434 1131
577 578
20 577
157 1221
1202 1210
1363 1396
1315 1466
1254 1459
1163 1254
214 1051
181 1230
1319 1381
794 1264
794 1414
381 461
380 461
461 1356
380 1356
1161 1303
214 255
1114 1319
193 474
511 513
257 1337
253 1014
494 497
497 1164
593 610
172 534
1 1259
1093 1131
529 569
523 529
888 889
1070 1143
591 592
232 1141
1050 1141
582 586
198 586
23 189
189 1002
728 799
984 1128
764 984
760 1264
982 983
727 982
982 1247
175 176
80 175
80 1412
436 886
436 1432
1349 1473
532 933
100 532
62 82
1045 1266
3 891
442 911
372 379
1099 1378
302 304
156 302
943 944
413 560
413 559
170 794
794 987
79 174
79 130
48 1251
11 468
746 1018
723 746
426 1061
426 1060
419 514
389 823
103 1367
1173 1363
33 1363
644 645
348 1295
347 348
347 1295
858 859
354 355
354 1313
295 1190
295 1100
295 1465
1100 1190
1102 1237
224 225
224 1140
1140 1415
985 987
757 985
487 488
618 1176
413 570
112 1102
170 795
794 795
896 902
221 902
902 1258
233 1121
233 1035
1035 1367
737 1118
737 1307
143 921
513 698
971 1020
1203 1492
206 917
19 917
651 652
651 1231
88 122
88 1037
376 1352
98 376
376 1425
1140 1181
680 1087
39 322
320 322
322 1327
1014 1015
818 819
819 1401
481 1127
1150 1242
606 644
1 385
385 1259
1 383
383 1259
728 1316
1344 1407
728 1434
777 1434
362 1010
754 755
722 754
754 1377
509 514
402 1046
1332 1426
1210 1224
399 402
402 1204
71 937
71 220
294 974
326 974
974 1188
728 776
774 776
16 1330
16 1142
16 1428
985 986
225 827
216 827
827 1415
439 1131
714 1064
258 714
258 1064
258 1257
172 538
471 877
471 472
607 638
639 641
597 639
1204 1464
1170 1298
1285 1389
146 1142
286 328
154 286
286 1256
971 972
396 972
190 1466
329 1466
450 451
450 1444
4 491
501 1141
213 501
684 685
416 684
753 754
722 753
345 1071
82 844
169 1199
938 1280
169 880
697 1127
260 697
373 1352
373 1332
982 1264
876 1106
424 504
504 1103
674 1047
1047 1115
349 350
49 349
1173 1407
617 621
615 616
515 529
865 1214
50 347
11 144
378 387
625 1400
294 548
725 813
812 813
725 812
725 1312
812 1312
767 768
594 628
60 1182
60 1313
511 512
348 350
348 349
349 1216
594 627
627 628
65 182
65 183
65 1290
624 1136
285 1214
1214 1265
6 68
902 914
902 1310
506 1380
76 1179
1078 1121
1078 1485
237 1078
337 538
577 1237
393 1356
222 896
896 1310
222 1181
262 423
262 1014
262 1439
265 1480
18 1045
1045 1106
18 839
839 1106
22 1272
22 110
308 346
1279 1313
1246 1426
44 938
44 1011
1011 1280
167 550
167 1478
247 1021
297 1314
54 968
54 861
861 969
156 476
156 1315
1162 1482
395 397
760 794
799 1264
399 401
45 500
201 202
201 1438
847 861
121 449
121 447
1065 1197
746 751
504 915
409 504
236 613
236 604
1174 1242
568 569
60 316
316 353
219 492
219 1361
188 446
188 447
549 550
874 1293
1226 1484
1186 1377
696 1215
291 1082
1446 1490
262 469
49 352
1176 1282
884 886
437 884
209 210
769 770
461 462
381 462
462 1356
71 1039
90 1039
1039 1339
334 1101
385 1069
1 1069
380 382
99 380
617 1028
1028 1176
349 1126
146 1126
688 689
20 580
5 1040
5 467
467 1459
297 539
166 275
1208 1213
604 646
302 951
280 302
1160 1491
1254 1482
223 499
1072 1316
222 894
97 368
97 370
97 1358
368 370
71 497
38 59
38 320
59 320
730 731
730 961
29 942
979 980
178 1089
20 579
369 1113
96 369
95 583
95 581
95 1360
687 1099
141 679
288 545
677 678
514 965
509 965
459 460
358 459
1428 1491
330 1315
899 903
787 1122
784 787
229 955
229 959
188 448
188 453
102 378
170 988
988 1044
986 988
1161 1168
705 829
265 277
207 209
287 981
287 1143
778 779
948 949
949 1052
522 949
414 513
513 1042
443 941
28 941
941 1357
28 443
759 982
756 982
757 982
1178 1193
756 1452
270 1188
994 995
373 374
125 126
126 1063
26 389
26 1081
187 934
187 1321
95 584
584 1113
95 369
95 1113
36 1202
1341 1363
347 445
156 303
1232 1453
588 1145
676 1290
183 676
617 1282
159 334
331 1185
254 713
479 1464
510 1075
510 1074
1074 1075
1075 1320
378 1352
1 378
1 1448
66 1431
723 751
1040 1041
5 1041
114 719
571 572
571 718
572 718
906 1054
225 1262
66 126
880 882
929 1352
16 1178
333 341
171 304
304 1323
512 1042
222 914
222 902
640 651
641 651
640 641
641 1346
102 374
538 1132
68 110
68 115
504 1092
154 309
154 1451
148 273
649 870
640 870
1215 1232
114 381
393 462
836 1086
1086 1467
579 584
579 1360
608 1030
373 1358
380 1080
161 1478
286 327
157 286
623 1086
258 398
397 398
398 1391
283 1130
1239 1490
215 769
443 591
5 1148
698 1453
32 938
99 471
382 471
509 1075
965 1075
102 459
459 1332
13 1126
13 146
233 1370
290 300
400 479
269 300
1094 1095
849 856
417 708
216 910
418 508
711 712
711 714
397 671
257 397
257 671
919 1048
116 871
43 871
43 1363
497 701
272 1468
170 1024
1017 1321
229 901
158 543
158 1067
599 998
788 910
328 1190
725 767
725 814
816 1118
30 586
30 1366
567 569
567 568
1166 1302
417 964
417 510
741 794
304 670
0 27
27 116
1273 1457
457 1126
819 824
240 819
465 1147
1147 1148
465 1148
533 1201
941 1275
197 1084
815 1025
1351 1375
422 1453
1165 1446
29 198
359 490
1030 1031
234 1030
749 780
749 781
780 781
780 1437
340 342
331 342
342 1405
155 283
281 283
1172 1359
1317 1387
155 1130
197 867
690 691
16 352
352 353
353 1428
281 1254
265 281
243 991
246 610
246 609
246 1209
1171 1196
353 868
316 868
1193 1216
217 956
607 653
352 868
1064 1391
242 1301
1066 1067
418 506
506 1104
1104 1380
413 518
413 874
402 404
402 1057
290 1108
107 362
361 362
61 356
492 501
1121 1302
64 837
80 130
1169 1173
66 452
66 1115
246 593
723 1307
1152 1165
182 925
13 1142
1460 1476
7 40
520 560
1050 1175
37 370
505 1104
505 1103
1103 1380
1078 1408
113 853
853 1321
94 1478
85 89
415 504
197 285
740 976
414 698
39 319
97 367
97 358
63 503
309 310
309 927
152 309
151 278
253 1204
650 1001
437 882
95 579
579 581
856 857
855 857
855 856
432 1138
696 698
338 869
789 1109
761 803
761 807
6 89
247 841
247 610
514 1075
34 118
510 707
760 985
760 773
872 1119
603 1441
911 912
2 57
224 1311
728 791
191 1083
306 1372
151 927
181 182
65 181
246 612
246 611
246 1413
191 295
191 1100
213 492
161 551
733 772
772 958
733 958
118 1062
282 1143
811 813
735 811
811 1312
436 884
876 878
595 650
1056 1324
541 543
541 1067
680 1088
136 456
456 1126
1092 1103
557 566
772 805
750 816
734 816
226 889
883 1249
296 1190
26 1485
852 853
609 1033
717 718
596 1189
650 870
993 996
626 993
7 72
72 76
7 76
476 1116
642 872
721 746
363 1142
163 300
174 667
137 677
1161 1396
728 793
126 134
755 808
134 135
38 1102
121 131
515 569
733 806
740 758
113 857
1083 1190
772 1217
129 1048
160 1043
857 968
54 856
52 1179
36 1173
230 779
852 975
526 571
717 1006
706 1006
425 506
1103 1105
708 709
224 926
926 1117
224 1117
9 495
607 629
598 1028
295 1101
598 622
617 622
1302 1401
422 1090
296 299
161 211
307 311
1081 1121
827 1146
786 956
217 786
767 1458
920 921
1346 1417
453 1139
311 313
309 1371
15 429
191 291
197 866
303 327
722 758
175 1411
48 712
48 715
441 892
441 891
295 1305
461 532
636 644
211 834
730 960
730 959
959 960
866 1343
1302 1485
1091 1092
298 540
539 540
154 974
56 852
320 323
322 323
323 1327
148 308
94 550
92 830
458 919
972 1197
264 746
195 503
267 927
625 916
775 1079
14 52
396 711
320 1471
1017 1379
494 701
931 932
176 673
251 691
281 282
597 638
128 141
288 947
416 686
497 1039
628 656
51 125
81 176
30 587
926 1140
850 1321
850 966
133 925
133 920
814 1077
282 1070
1468 1470
132 925
21 38
21 1102
607 654
417 709
907 1140
1004 1005
164 549
198 1303
435 941
202 203
1011 1117
221 1011
382 461
136 349
375 929
327 329
849 855
466 1147
316 322
322 1120
316 1120
787 955
778 780
748 780
272 273
1047 1048
692 693
232 500
500 1133
232 1133
737 750
298 533
215 780
1169 1237
125 127
300 1108
22 1173
1173 1272
20 59
93 294
610 1021
305 1185
330 331
772 804
159 1315
404 406
403 404
462 532
1461 1477
504 709
449 456
386 426
386 1061
871 1098
43 1098
383 387
378 383
1320 1419
600 621
640 652
315 322
970 1090
305 1116
1083 1100
543 867
50 188
191 292
515 568
97 372
681 682
292 294
750 780
341 342
51 126
993 1000
464 533
171 465
725 768
498 1039
760 987
89 1207
305 476
64 386
776 777
253 682
696 697
250 876
752 811
734 811
246 659
612 659
493 701
307 308
550 1236
243 633
375 376
98 929
247 593
593 660
739 800
653 654
654 1346
268 278
164 301
377 928
168 886
455 925
893 1268
441 720
709 962
558 559
521 558
1113 1360
342 343
333 343
333 342
890 891
288 464
288 946
252 879
613 614
901 959
534 1085
296 1083
737 812
812 816
333 668
516 519
87 498
42 87
87 486
841 1035
214 1035
895 914
199 586
156 669
352 1142
102 373
627 657
657 658
657 1278
38 577
304 951
596 657
310 831
64 992
2 208
693 1074
282 1041
1035 1050
911 913
217 787
171 951
639 648
641 648
136 348
14 115
564 1004
366 488
1041 1143
48 438
262 1015
1279 1296
811 812
697 1059
190 327
312 550
809 873
100 462
49 1120
734 812
593 659
476 669
348 445
94 312
548 549
846 851
845 851
788 826
324 716
44 902
759 988
628 657
656 657
630 655
533 946
70 1039
81 705
231 827
754 808
477 1116
254 1124
768 812
375 378
394 971
630 654
44 221
679 943
216 789
741 795
819 820
226 255
214 245
510 693
171 952
663 705
436 438