1493
0.660442 0.721431 0.763662
-0.708998 -0.878617 -1.150950
2.218350 1.006280 0.587214
0.219922 -1.253410 1.192530
0.348960 -0.047242 -0.794116
3.657460 4.387900 -0.983007
1.519850 -0.060389 0.394715
2.076150 0.327189 0.349059
0.924385 1.411520 0.601389
0.853034 -0.278024 -0.566439
0.741941 0.910334 0.757087
0.755832 0.427347 -1.290990
0.812111 -0.021117 -1.048150
0.922564 1.126930 -1.294470
1.730100 0.637821 0.549180
1.022260 2.254830 -0.199713
0.280066 1.265950 -0.944698
1.865680 0.247248 0.433068
-1.189440 -1.336380 -0.589144
2.213010 1.942400 0.291678
-0.321907 1.236500 0.163253
0.146173 1.048390 0.560800
1.198060 0.599469 0.701578
1.917540 -0.094451 -0.105846
-1.010830 -0.151832 0.836333
1.946290 0.316246 -1.230020
0.361535 -1.098090 -1.098330
0.415543 0.937580 0.716103
-0.095806 0.137866 0.860150
0.069385 0.581849 0.711900
-0.708083 0.512927 0.470167
2.172910 0.986289 -0.458380
0.752504 -0.041389 0.580791
0.945290 0.710983 0.772230
1.243440 1.072090 0.693477
1.594420 1.712920 0.615193
0.910700 0.312493 0.701931
-1.338860 -0.148854 -0.341139
0.482822 1.346890 0.540665
0.699277 1.810490 0.143479
1.982290 0.047006 0.190974
2.319420 0.369390 -0.225383
1.508990 -0.137371 -0.858251
0.438477 0.285779 0.715889
0.331977 -0.241960 0.917696
0.275913 -0.714929 0.075533
0.909141 -0.899019 0.756337
-0.383597 -0.571267 1.191260
-1.359290 -1.526960 0.806607
0.600424 1.800050 -0.574298
1.465040 2.111960 -1.225790
1.296750 0.209776 -1.276110
1.924190 0.492772 0.469607
2.260370 0.677520 0.369839
3.881730 1.352580 0.023669
3.287870 0.490071 0.188521
2.878580 0.837288 0.609070
1.995300 0.800248 0.491246
1.750900 1.203380 0.722164
0.121329 1.394190 0.234832
-0.019284 1.353720 -0.387109
-0.423011 0.514401 -0.417008
2.798250 0.885682 -0.138752
3.456200 1.528980 -2.010910
-0.373952 -1.950730 -1.065170
2.557380 1.200400 -1.467230
1.544400 0.841377 -1.502230
-0.252439 0.795088 0.391438
1.291780 0.218119 0.588278
1.129080 -0.130459 0.466613
1.276130 -0.372458 -0.102060
0.763074 -0.256915 0.070946
2.272410 0.210944 0.083352
2.149770 1.527580 0.609278
2.609990 1.441090 0.151952
2.594720 2.114970 -0.776055
2.352660 0.543928 0.067856
2.674760 0.539559 0.362869
2.241750 0.720821 -0.225308
2.262860 0.541293 -0.713910
2.110910 1.022700 -1.074690
2.336990 1.529300 -0.755151
2.447190 1.051660 -0.187056
2.145770 -0.001625 -0.613614
2.166730 1.933140 -1.343470
1.712230 -0.124664 0.142514
1.606810 -0.257382 -0.171660
1.374860 -0.352873 -0.516058
1.842550 -0.194779 -0.471552
1.416110 -0.243844 0.154665
1.083030 -0.317624 0.174498
2.318510 1.346080 -0.410085
2.645150 1.756410 -0.396384
2.802560 2.569080 -0.012317
1.876770 2.678030 -0.213558
-0.671372 0.878141 0.128030
-0.991219 0.352401 -0.099528
-0.835984 0.087977 -0.665170
-1.048230 -0.494971 -0.781855
-1.475940 -0.786441 -0.382905
-1.733150 -0.447684 0.402378
-1.870000 -1.532060 0.022538
-0.531936 -0.284244 -1.066190
-0.113824 -0.717413 -1.213370
-0.285508 -1.360860 -1.435260
-0.382426 0.986087 -0.262822
-0.115780 0.867062 -0.772810
0.291787 0.732278 -1.151590
1.746730 0.933846 0.591622
1.463320 0.787686 0.665237
1.468390 0.484707 0.606709
0.999415 0.965688 0.713390
0.810582 1.166430 0.670490
3.476290 1.062210 0.452299
-1.404890 0.046799 0.238833
1.580600 0.224215 0.515996
0.367876 0.637340 0.742513
1.517250 1.070460 0.660479
1.383590 1.415830 0.686832
1.173780 1.756600 0.520450
1.520240 2.078330 0.121776
1.631510 1.550430 -1.666620
1.845800 -0.050520 -0.794413
1.689520 0.069749 -1.113000
2.101960 0.170210 -0.933263
1.614090 0.336130 -1.317230
1.329480 0.537712 -1.455040
1.831030 0.627575 -1.398560
2.084340 0.980593 -2.039420
1.899170 0.902891 -1.687690
1.988940 0.655028 -1.044610
1.822270 1.256890 -1.883160
2.118030 1.618730 -1.721870
2.746950 1.562820 -2.048900
1.172950 0.882433 -1.439740
1.262270 1.320660 -1.529180
0.930047 1.760760 -1.203610
2.378910 0.802195 -1.690560
1.277540 1.770820 -1.492360
2.859340 0.759941 -2.462230
2.985750 0.924732 -1.856010
2.503690 0.786124 -2.148540
2.660670 1.197490 -2.364450
3.111050 1.397920 -2.338600
0.848110 0.774855 -1.324400
0.559928 1.010980 -1.206840
0.671561 1.417190 -1.078290
1.113700 2.093040 -0.756248
1.687340 2.320090 -0.684469
-0.077299 0.311848 -0.804574
2.795770 2.215460 -0.345366
3.006790 3.087620 -0.921366
2.878160 2.584170 -0.743849
2.259700 3.031720 -0.771990
3.196290 2.946970 -0.333663
2.629610 4.112110 -0.471029
4.352760 3.225660 -0.981098
3.686800 3.161460 -0.781727
3.681060 3.940870 0.128959
4.337640 3.026700 0.126601
3.338090 3.726470 -1.127450
2.554870 2.172530 0.059453
2.296610 2.620300 0.083386
2.626100 3.332510 0.045158
2.213110 3.079200 -0.160227
2.323280 3.618140 -0.372340
2.721950 3.628790 -0.842611
1.950300 2.286100 0.057156
-0.600839 -1.371670 1.113920
-0.598444 -1.714410 0.152381
1.956910 -4.472410 0.415213
4.012990 3.811350 -1.068670
4.715000 3.939150 -0.276178
4.249840 4.297890 -0.639462
2.083070 0.851589 -0.769649
2.177790 1.202280 -0.751004
2.268930 1.356110 -1.073750
2.335610 1.727390 -1.076180
2.305570 2.108390 -1.030100
2.467410 2.523990 -0.933404
1.887790 2.207410 -1.136820
2.321210 1.536160 -1.407790
2.493120 1.520450 -1.756750
2.861910 1.326850 -1.723820
2.227370 1.391570 -2.078730
2.523040 0.818641 0.568541
2.687160 1.224130 0.526266
3.070430 1.224980 0.189749
1.776450 1.999520 -1.484780
2.196460 0.059930 -0.204319
3.800560 3.002310 -0.189519
3.336430 3.312120 0.287941
4.338520 2.851740 -0.476633
5.126170 3.223570 -0.569803
3.232290 1.239920 -1.848130
3.369100 0.889205 -2.264970
3.097060 1.588040 -1.908010
2.955670 3.951350 0.294264
-0.255999 0.352424 0.493233
-0.599267 0.148993 0.805304
1.967590 1.070770 0.645460
1.977610 1.335320 0.675490
1.873650 1.622070 0.701796
1.874490 1.897960 0.447416
2.229620 1.272350 0.611801
2.423090 1.471160 0.426588
2.489390 1.748710 0.238760
2.564550 1.678540 -0.080377
2.449080 1.131090 0.585291
2.483480 1.372400 -0.135455
2.782020 1.219750 -0.050629
2.657640 1.970500 -0.162561
1.650290 1.465810 0.716937
0.225430 -0.644346 -0.703974
-0.002642 -1.408480 -0.385181
0.877268 -2.896040 0.429486
0.563226 -1.504920 0.254463
1.780920 -1.921750 0.654292
1.083810 -1.691860 1.294750
0.216247 -0.259392 -0.273938
0.847844 -0.256516 0.373122
0.624427 -0.425566 0.682819
0.486058 -0.749293 1.134860
0.435579 -0.314061 0.325874
0.656804 -0.714828 0.329482
0.481555 -1.084020 0.179863
-0.069671 -1.387560 0.340088
0.976124 -1.187710 0.322800
1.213940 -1.892570 0.140011
1.462290 -1.320300 0.804266
0.691415 -2.166790 0.661499
0.068066 -1.092550 0.057009
0.155000 -0.875158 -0.325729
0.318517 -1.060640 -0.674565
0.626572 -1.880760 -0.786531
0.563018 -4.338860 -1.885480
0.341571 -3.070740 -1.408760
0.544315 -1.429510 -0.834762
0.518593 -1.754860 -1.629580
0.641080 -1.427650 -1.303070
0.212012 -1.338980 -1.581140
-0.057297 -1.852830 -1.653700
0.336096 -2.421910 -1.648820
-0.323460 -2.678440 -1.330200
0.649205 -2.555640 -1.020490
0.298454 -1.681100 -0.564108
0.190470 -2.350410 -0.565441
-0.179695 -1.804420 -0.630341
-0.631350 -1.435490 -0.838129
-0.476853 -1.556910 -0.309231
-0.992982 -1.651690 -0.203831
-1.311080 -2.621420 0.379866
-1.050900 -2.113710 0.181089
-1.704940 -2.162990 0.117198
-1.397970 -2.105380 0.666132
-0.230702 -1.361700 -0.040089
-1.405210 -1.348600 -0.117380
-1.795800 -0.978909 0.032090
-1.995170 -1.244650 0.660579
-1.926350 -1.832560 0.954675
-1.989570 -2.659220 0.863490
0.740529 -1.878600 -1.238640
-1.373240 -1.794630 0.041478
1.514320 -2.534780 0.342923
1.388200 -2.450020 1.157330
2.974700 4.147900 -0.943419
3.218010 4.645650 -0.364364
2.676040 2.864600 -0.944262
2.654450 3.249290 -0.892819
2.436810 3.459440 -0.683929
2.170910 3.286150 -0.475659
2.005890 2.946100 -0.448259
1.884730 2.619560 -0.581915
1.962600 2.436640 -0.876142
2.123850 2.723160 -0.797317
2.532340 3.780350 -0.595684
2.745590 3.959410 -0.784616
2.972510 3.808480 -0.992904
3.021570 3.450500 -0.947684
3.338520 3.259610 -0.882654
3.651110 3.461330 -1.066070
2.806930 4.261800 -0.693751
3.153510 4.524970 -0.788099
2.846550 4.442290 -0.308656
3.149420 4.468510 0.169087
2.701270 4.124420 -0.029985
3.404860 3.083240 -0.583967
3.555380 4.690170 -0.662364
3.817630 4.591660 -0.036898
2.530110 3.862170 -0.269932
2.699010 3.735530 0.072332
3.011000 3.551660 0.254650
3.023360 3.194450 0.032642
3.367730 3.788490 0.438238
2.715650 2.948440 0.051787
3.396360 3.097510 -0.033346
3.756240 3.162030 0.228596
4.181370 3.606980 0.263757
4.232900 4.163940 0.042697
3.764130 3.605210 0.398627
2.511300 3.586700 -0.126343
2.304940 3.369930 -0.193178
3.978870 3.287740 -0.987748
4.054110 3.039060 -0.684771
4.213170 3.541300 -0.990005
4.761880 3.600080 -0.815689
4.366110 3.921250 -0.832400
1.601830 2.504850 -0.380923
1.354930 2.258610 -0.520636
3.132600 2.886370 -0.668863
3.029700 2.645380 -0.426613
1.350330 2.362890 -0.191275
1.665070 2.357820 -0.092391
1.228120 2.164530 0.026720
0.911104 2.053080 0.045693
0.580892 2.005340 -0.208823
0.255455 1.702640 -0.297103
1.259390 1.946730 0.268588
0.973011 1.825610 0.292056
0.741537 1.617320 0.412491
0.420972 1.599280 0.242714
1.544340 1.930820 0.396505
0.390948 1.844620 0.016036
0.164982 1.657500 0.091543
-0.147832 1.514750 0.054149
-0.252469 1.281320 -0.159884
3.024510 2.768090 -0.130420
3.703150 3.056050 -0.484782
3.477470 3.060610 -0.306699
3.970910 2.984790 -0.417499
4.124970 2.910920 -0.118395
4.490200 2.764710 -0.124182
4.942880 3.174890 0.031353
4.882980 2.718300 -0.524294
4.028960 3.041330 0.145475
4.008410 3.349790 0.206740
4.322550 3.339370 0.171717
4.567060 3.692960 0.061990
4.618460 3.203910 0.100897
4.994150 3.616010 -0.098246
4.744200 2.918200 0.009164
4.990600 2.957250 -0.263605
4.785110 2.707920 -0.223628
4.601720 2.729790 -0.449006
4.656830 2.935540 -0.838398
4.816240 3.458190 0.119876
1.414890 2.210510 -0.847697
1.211750 2.093840 -1.049450
0.944391 1.964730 -0.976217
0.679299 1.743840 -0.966986
0.850163 1.948470 -0.681638
1.008020 2.103110 -0.467244
0.462510 1.524490 -0.843416
0.182604 1.435780 -0.657695
-0.011807 1.164370 -0.662003
-0.240924 1.008830 -0.532738
-0.330152 0.729586 -0.608860
-0.236908 0.462161 -0.624602
-0.455826 0.161890 -0.791496
-0.110242 -0.160783 -0.833183
-0.116687 0.591542 -0.849574
0.131539 0.449618 -1.040010
0.060739 0.776688 -0.983359
0.239132 0.996920 -1.045130
0.427318 0.425556 -1.205070
0.300123 0.163803 -1.045540
0.588097 0.161548 -1.164850
-0.410947 0.264023 -0.536974
-0.744585 0.364493 -0.458346
-0.695616 0.600634 -0.152354
-1.043170 0.192576 -0.405001
-1.214130 0.088718 -0.122620
-1.096250 -0.096077 -0.564827
-0.894005 -0.206016 -0.798421
-0.806226 -0.450443 -0.998422
-0.955225 -0.744120 -0.977229
-1.255840 -0.839048 -0.720591
-0.898658 -1.138630 -0.905036
-0.568038 -0.588797 -1.166440
-1.261060 -0.379478 -0.560812
-1.490350 -0.452522 -0.320658
-1.450090 -0.259966 0.010426
-1.669870 -0.673609 -0.104650
-0.403837 -0.852805 -1.251430
-0.119355 -1.046830 -1.364140
-0.537865 -1.193210 -1.228970
-0.467587 -1.568860 -1.163330
-0.281332 -0.458108 -1.147480
0.048953 -0.478641 -0.983120
0.189087 -0.794606 -1.051000
-1.202000 0.282559 0.139761
-1.121650 0.160432 0.551512
-0.970828 0.573887 0.205751
-1.351530 -0.196893 0.584337
-1.294960 -0.814951 0.978702
-1.746400 -0.710369 0.209975
-1.668920 -0.848843 0.669674
-1.947450 -0.985806 0.383114
-2.056990 -1.341480 0.296039
-2.333790 -1.960290 0.270906
-2.299290 -1.617710 0.610877
-2.146200 -1.669360 0.196444
-2.019670 -1.991140 0.099837
-2.234850 -2.655970 0.201350
-2.018060 -2.356470 0.166457
-1.745750 -2.782530 0.177600
-2.388760 -2.317110 0.177419
-2.542290 -2.270680 0.834370
-5.351840 -3.884720 -0.056216
-2.922640 -2.746920 0.431083
-2.622310 -2.625720 0.215754
-2.498910 -3.547240 0.220367
-2.688740 -3.103700 0.205267
-3.894720 -3.890220 -0.021483
-2.410080 -3.225410 0.841980
-3.449230 -3.298520 0.241262
-2.108430 -3.178340 0.203047
-2.994890 -3.498210 0.180833
-3.139910 -3.427640 0.925482
-3.408800 -3.792890 0.110716
-2.816430 -3.871190 0.640723
-2.758590 -2.385710 0.511999
-2.762070 -2.693100 0.878282
-1.725720 -1.829690 0.081027
-3.091780 -2.995950 0.777447
-3.847240 -3.734940 0.763056
-0.353900 -1.720340 -1.479540
-0.327780 -2.190080 -1.467740
0.756404 1.993400 -0.423934
0.775770 2.177000 -0.238839
-1.244440 -0.457279 0.846450
-0.859508 -0.626472 1.095330
-0.932449 -1.070360 1.061500
-0.554006 -0.962197 1.230220
-0.096594 -0.925290 1.247770
0.074470 -0.494653 1.210810
-0.938309 -1.449980 0.857544
-0.478020 -1.717520 0.695649
-1.061930 -1.800900 0.586269
-0.184453 -1.302370 1.075240
0.159745 -1.610740 0.783241
0.584455 -1.636920 1.108700
0.907127 -1.244280 1.129870
-0.203387 -0.208726 1.074350
-0.638568 -0.246377 1.046260
1.241290 1.960240 -1.291760
1.457910 1.964700 -1.449840
1.514390 1.754450 -1.576560
1.778020 1.764030 -1.607690
1.373070 1.538680 -1.623810
1.515170 1.304640 -1.633310
1.412620 1.088010 -1.488640
1.670330 1.072920 -1.599440
1.980030 1.853900 -1.490230
1.872650 1.568450 -1.732800
2.024570 1.497320 -1.940700
1.162730 1.547400 -1.486650
1.075210 1.342090 -1.339080
1.995480 1.277750 -2.073710
-0.664666 -0.032725 -0.877038
-0.386410 -0.082580 -0.923861
-1.600100 -0.468336 0.145432
-1.575300 -0.202862 0.300684
3.944470 4.563080 -0.737720
4.048070 4.498000 -0.353842
4.021370 4.245000 -0.953650
3.717540 4.013300 -0.933261
3.359800 4.130860 -1.087530
0.573155 0.684856 -1.244600
-1.574610 -1.573180 0.049121
-1.682900 -1.310890 -0.028168
-1.565860 -1.081190 -0.245707
-1.401150 -1.072720 -0.534232
5.195270 3.251510 -0.215983
5.164960 3.557100 -0.418957
4.488390 3.477470 -0.874146
4.745520 3.262120 -0.827883
4.957130 3.027050 -0.762478
-2.528280 -2.167570 0.432577
-2.452870 -1.886500 0.552973
-2.266240 -1.873950 0.856204
-2.087380 -2.250620 1.041640
-1.733020 -2.322190 0.815853
-1.621710 -2.698860 0.657243
-1.907540 -3.115630 0.662537
-2.127430 -3.534030 0.537840
1.150780 -0.225285 -0.788778
1.249960 -0.030877 -1.045240
1.034840 0.099724 -1.198310
1.045070 0.360522 -1.352570
-0.213779 0.074959 -0.814148
0.071901 0.050146 -0.703850
0.098208 -0.266228 -0.589851
0.352668 -0.132682 -0.507736
0.556803 -0.153199 -0.208706
0.587619 -0.197603 -0.686106
0.825333 -0.198669 -0.832864
0.863775 -0.261293 -0.240087
1.091080 -0.383209 -0.405100
0.351908 -0.255387 0.019319
0.244974 -0.492527 -0.106010
0.173905 -0.541338 -0.409869
0.607058 -0.102265 -0.921215
3.448700 1.196730 -2.119180
-3.237160 -2.996490 0.402060
-3.475500 -3.248960 0.686705
-3.482760 -3.608980 0.849576
-3.457410 -4.119320 0.583123
-3.153800 -3.763000 0.760515
-3.107360 -4.064070 0.579398
-2.911540 -3.920220 0.222047
-2.876080 -3.583980 0.797141
-2.494630 -3.630270 0.674329
-2.797810 -3.219200 0.944250
-3.274740 -4.164560 0.219178
-3.784070 -4.371670 0.219907
-3.816610 -3.415010 0.458815
-4.473100 -3.723970 0.389692
-3.738310 -3.530690 0.078944
-4.138490 -3.535900 0.213673
-4.469980 -3.819700 -0.213201
-4.259680 -4.302280 -0.049853
-4.883910 -4.299650 -0.168342
-4.206920 -4.170310 0.454157
-4.640200 -4.264350 0.252093
-5.001700 -4.034760 0.160028
-4.922630 -3.550120 -0.075382
-4.142980 -3.688340 0.548776
-4.031010 -3.977130 0.647720
-3.888540 -4.210960 0.478489
-3.726240 -3.996290 0.660698
-3.474730 -3.878310 0.743034
-1.509410 -0.483460 0.646428
4.313570 4.267980 -0.289313
4.496730 4.072590 -0.521491
4.746950 3.861470 -0.602924
4.951890 3.777550 -0.388761
4.975660 3.617700 -0.625526
4.469250 4.054840 -0.126167
4.309600 3.864580 0.058384
4.020060 3.960440 0.251491
3.797700 4.315310 0.278257
3.517660 4.556320 0.192507
3.391980 4.209120 0.399156
3.489540 4.678120 -0.139043
3.749920 4.672030 -0.365966
0.319580 -3.205750 -0.554545
2.408040 3.195140 -0.021066
2.341990 2.913460 0.051720
2.122630 2.803380 -0.110932
2.039900 2.545710 -0.020384
2.201120 2.370140 0.103193
2.454300 2.413770 0.054902
2.559660 2.659770 0.053985
2.130320 2.130410 0.143581
1.859570 2.060530 0.210695
-4.059540 -4.375800 0.311516
-4.356760 -4.359130 0.275869
-3.997080 -4.338490 0.040929
-4.081200 -4.091740 -0.049759
-4.176150 -3.805330 -0.117703
-4.397580 -3.621070 0.035008
-4.342890 -4.050790 -0.129634
-4.646120 -4.090500 -0.236226
-5.056150 -3.937300 -0.427843
-4.771430 -3.806770 -0.336979
-4.575150 -4.375490 -0.093071
-3.778390 -4.149070 0.035086
-3.540220 -4.241720 0.157368
-3.616900 -4.279460 0.421658
-3.637860 -3.920540 0.051672
-4.706310 -3.641400 0.163689
-4.761130 -3.909770 0.370617
-4.484470 -4.029490 0.448225
0.188933 0.808310 0.656567
-0.076095 0.782552 0.598776
-0.091102 1.001790 0.445754
0.058572 1.191440 0.371886
-0.293775 1.025380 0.297905
-0.523192 1.078520 0.193384
-0.443933 1.141540 -0.048279
-0.484160 0.859951 0.314137
-0.448880 0.594377 0.398708
-0.736213 0.767105 0.370509
-0.592731 0.936571 -0.114832
-0.490459 0.736552 -0.268128
-0.490798 0.426019 0.607012
-0.722124 0.298713 0.624942
-0.866707 0.073646 0.730764
-0.964446 0.394483 0.509244
-0.355520 0.210684 0.702499
-0.361488 0.027428 0.937254
-0.736064 -0.035815 0.927802
-0.220697 -2.248540 -0.748009
-0.170306 -2.842930 -0.610452
-0.645767 -4.084890 -1.152730
-0.376819 -3.626730 -0.536047
0.351898 -4.428780 -0.795166
-0.328749 -3.438830 -1.411450
-0.269108 -4.126160 -1.924500
0.312480 -3.812040 -1.426810
0.653050 -2.152600 -1.553760
0.788832 -2.256460 -1.212320
0.586537 -2.518170 -1.387700
0.530286 -2.830640 -1.219130
0.495774 -2.889480 -0.791724
0.574076 -3.397740 -1.016400
0.416220 -3.833550 -0.581271
0.682107 -2.229220 -0.867474
0.417484 -2.126530 -0.681546
0.104796 -2.006090 -0.564858
0.472825 -2.463110 -0.726521
0.225556 -2.711720 -0.618584
0.329683 -2.731450 -1.488380
-0.037016 -2.926400 -1.500760
0.028765 -2.599500 -1.624780
0.008316 -2.229110 -1.782510
0.044364 -3.323100 -1.519860
-0.349833 -3.063880 -1.320190
-0.552846 -3.364880 -0.948694
-0.363919 -2.860020 -0.968125
0.374919 -3.443950 -1.389940
-0.067376 -3.720960 -1.571110
0.169836 -4.046330 -1.800030
-0.124039 -4.465460 -1.356650
-0.515713 -3.849280 -1.535260
-0.663181 -4.377020 -1.624510
-0.398943 -3.124940 -0.704855
-0.092911 -3.223440 -0.406483
0.149635 -3.559520 -0.420584
-0.071685 -4.123900 -0.360435
0.781970 -4.308200 0.443017
0.345239 -2.062420 -1.760500
-0.315212 -2.494820 -1.008360
0.426187 -3.668180 -1.146820
0.588816 -4.156340 -1.162090
0.471866 -3.638680 -0.830349
0.498794 -3.977540 -0.882461
0.487050 -4.175980 -0.594484
0.182624 -4.333190 -0.496503
-0.301447 -4.416800 -0.805973
0.024816 -4.418630 -0.771196
0.162704 -4.464060 -1.116140
0.286069 -4.484580 -1.554300
0.518342 -3.360480 -0.721653
0.560363 -3.143180 -0.896181
0.523700 -3.161830 -1.191270
0.364138 -3.549150 -0.593134
-0.166093 -4.373900 -0.525686
-0.476664 -4.059150 -0.599992
-0.538517 -3.770250 -0.885088
-0.113189 -4.445870 -1.025800
-0.469339 -4.416580 -1.142230
0.224530 -4.028280 -0.420536
-0.001888 -3.824090 -0.375516
-0.282379 -3.919430 -0.419829
-0.139533 -3.565810 -0.375932
-0.308811 -3.375000 -0.465137
-0.484111 -3.411900 -0.680904
-0.047237 -2.551780 -0.619672
-0.261661 -2.637800 -0.775339
2.386150 2.801050 -0.896588
2.491980 3.037020 -0.886053
2.451670 1.827390 -0.793349
2.336520 0.167414 -0.450248
2.310230 0.201909 -0.735750
2.361990 0.435111 -0.484969
2.219200 0.657255 -0.480665
4.510100 2.832220 -0.660808
4.394970 3.001240 -0.837065
4.539190 3.729160 -0.842128
-1.902190 -1.291530 0.099998
-4.661850 -3.621630 -0.154889
2.314700 1.130860 -1.284340
2.094530 0.880102 -1.395940
2.439800 0.944459 -1.454890
2.683450 0.961335 -1.696680
2.731830 0.733167 -1.923110
3.094300 0.594445 -2.111260
2.754770 0.612867 -2.208960
-0.077258 -4.483300 -1.783080
-1.729040 -2.472400 0.148528
-1.363610 -2.347530 0.109970
-1.950930 -2.613030 0.194271
-2.013530 -2.900030 0.208979
-2.316360 -2.952160 0.208312
-1.747140 -3.104030 0.340159
-2.411780 -3.248570 0.207102
-2.202650 -3.458620 0.256811
-1.940930 -3.363170 0.373070
-1.500070 -2.639760 0.168278
-1.523550 -2.867430 0.398106
-2.310340 -3.697220 0.382309
-2.602940 -3.846420 0.324612
-1.682190 -2.964490 0.604139
-1.883400 -2.866250 0.741512
-2.204090 -2.939810 0.870132
-2.364580 -2.590590 1.045020
-2.533620 -2.935670 1.023010
3.288300 0.976898 -1.986860
1.667700 2.273490 -0.966184
0.645538 -0.207060 -0.439728
2.308050 1.736120 0.477164
2.063910 1.759260 0.546666
2.500590 1.534520 -0.349390
2.516690 1.635430 -0.593074
-5.037140 -3.586090 -0.406668
-2.759840 -3.645850 0.210317
-2.751860 -3.371230 0.200619
-3.009100 -3.168380 0.148559
-1.251100 -1.178320 0.894709
-1.650140 -1.251720 0.874846
-1.669750 -1.592640 0.957334
-1.611840 -1.910550 0.847323
-1.963130 -1.534500 0.816382
-1.359110 -1.813410 0.719613
0.023193 1.613530 -0.154047
-5.263390 -3.560070 -0.143899
-4.985020 -3.739520 0.143585
-1.197910 0.356616 0.392756
0.834292 -2.036370 1.091450
0.848310 -2.614510 1.003660
1.425940 -3.628760 1.173260
1.241070 -3.044270 1.197090
1.690100 -3.200870 0.624585
0.553086 -3.573220 0.936690
1.859650 -3.858420 0.698202
1.246090 -3.713750 0.234785
1.366710 -4.451630 1.025970
1.209900 -2.088590 1.265630
1.561950 -1.744580 1.093230
1.576390 -2.118630 1.165230
1.708500 -2.403700 0.780731
1.582580 -2.828770 0.948718
0.742846 -3.114510 1.079810
0.950118 -3.533710 1.216110
0.777265 -4.166820 1.126670
0.569713 -3.196800 0.640633
0.729229 -3.678760 0.424597
1.122830 -3.931920 1.248530
1.639330 -4.105930 1.369140
1.944990 -4.424210 0.992953
0.812065 -3.288400 0.319413
1.322310 -3.132440 0.234876
0.568075 -4.000440 0.732674
1.049860 -2.374320 1.151710
1.152710 -2.708150 1.160860
0.790817 -2.321320 1.012310
0.714346 -2.480650 0.740276
0.962234 -2.406530 0.295457
0.678628 -2.856770 0.767062
0.978682 -2.940810 1.111860
0.998705 -3.231390 1.206770
1.287990 -3.353350 1.244950
1.607830 -3.311820 1.003230
1.592020 -3.645530 0.841976
1.584350 -3.712230 0.447870
1.561900 -4.180880 0.111843
1.783940 -3.888030 1.079710
1.888550 -3.965220 0.284813
1.449800 -4.482980 0.516428
1.474260 -3.448020 0.245706
1.159940 -3.406800 0.187762
0.956198 -3.626510 0.231155
0.983668 -4.065340 0.116036
0.834447 -3.876470 0.257716
0.662339 -3.950210 0.470298
0.595160 -3.757960 0.635899
0.556256 -3.477850 0.553184
1.042220 -3.154900 0.228834
1.157730 -2.845140 0.259275
1.474510 -2.863650 0.355214
1.645600 -2.707470 0.617985
1.133490 -4.420310 0.260692
1.089120 -4.428560 0.644712
0.765680 -4.356840 0.809424
1.023400 -4.396840 1.039710
1.232010 -4.248790 1.256400
0.746071 -2.376600 0.477637
0.802838 -1.996830 0.260804
0.776272 -2.651980 0.526033
0.977539 -2.663240 0.355453
1.229280 -2.540600 0.234832
1.410550 -2.214760 0.169301
1.582720 -1.874950 0.304946
1.358040 -1.460730 0.267396
1.702640 -2.216190 0.404846
1.691430 -1.532630 0.523150
0.517132 -1.828500 0.504642
0.921025 -1.636080 0.169449
0.569998 -1.889550 0.854276
1.512570 -4.380850 1.292790
1.882370 -4.393600 1.363090
1.659840 -4.469500 1.053140
1.745200 -4.501440 0.710910
2.055030 -4.485000 0.709292
2.209070 -4.139350 0.509011
2.164480 -4.183150 0.856760
2.052380 -4.157020 1.180650
1.530560 -4.482190 0.838824
1.375750 -4.020090 1.329970
1.584670 -3.867830 1.258220
1.164130 -2.296510 0.174756
1.572750 -3.131690 0.373072
1.639360 -2.957660 0.552511
1.644720 -3.021600 0.797216
1.546110 -3.067210 1.026030
1.651100 -3.378640 0.431237
1.697490 -3.461500 0.680395
3.332220 1.172650 -2.423760
2.993720 1.082700 -2.437220
0.770263 -3.350640 1.182260
0.587437 -3.313240 0.990360
0.713542 -3.597800 1.136750
0.658050 -3.854630 0.983822
0.897915 -3.798220 1.167150
0.613466 -3.097450 0.866194
-4.277440 -3.959900 0.581371
-0.136870 -1.554610 -1.626050
0.164236 -1.625810 -1.728120
-0.054585 -1.306250 -1.562480
0.109580 -1.149570 -1.434400
0.382430 -1.239920 -1.358690
0.105406 -0.954766 -1.249630
0.471008 -1.449450 -1.531800
0.651811 -1.612470 -1.472060
0.271421 -1.576800 0.446333
0.293343 -1.335050 0.238938
-0.307348 -4.172150 -0.445924
2.625410 1.909900 -0.611300
2.755160 2.125880 -0.579500
2.892430 2.371330 -0.559493
2.728800 2.355600 -0.780579
2.883040 2.460310 -0.313354
2.806980 2.319710 -0.101957
0.656860 -4.353430 -1.499970
0.531917 -4.025890 -1.661640
-0.413969 -1.691460 -0.854868
-0.477993 -1.541250 -0.606255
-0.859197 -1.559420 -0.553188
-0.237609 -1.546490 -0.458526
0.008776 -1.652180 -0.506082
0.514987 -3.906450 -1.260500
0.608052 -4.096490 -1.418700
2.496960 0.775562 -0.067894
2.772320 0.570618 0.022892
3.116930 0.684617 -0.089568
3.813470 0.695760 -0.250299
3.472870 0.544447 -0.146791
3.782100 0.620553 0.259266
3.487920 1.048790 -0.082736
2.977600 0.516251 0.262239
3.213570 0.699921 0.495733
3.140200 1.033750 0.509240
3.497400 0.604897 0.395021
3.676230 0.841498 0.430041
4.043620 0.981564 0.215449
3.786580 1.151220 0.353612
3.576450 0.425922 0.172852
3.905270 0.392832 -0.028058
4.028870 0.693871 0.046641
3.983070 1.002290 -0.144777
3.491810 1.343790 0.177764
3.098010 1.018110 -0.071671
3.209370 4.623790 -0.072189
2.970840 4.468560 -0.053298
2.926430 4.241090 0.165206
3.117100 4.171400 0.358627
0.391001 1.611340 -0.584728
4.560820 3.447870 0.176580
-0.565079 -4.246400 -0.884273
0.565486 0.488698 0.801256
0.447724 -4.457090 -1.273150
3.146340 0.829832 -2.450050
-3.996490 -3.637050 0.002416
-1.326080 -1.548400 0.014516
-1.212270 -1.500490 -0.222203
-1.343580 -1.327850 -0.374041
-1.106060 -1.716630 0.042062
-0.831947 -1.740500 0.004292
-0.829253 -1.900110 0.288596
-0.714937 -1.720160 -0.262874
-0.636545 -1.738160 0.445680
-0.332615 -1.610290 0.345429
-0.772464 -1.648370 0.700567
-0.120591 -1.587790 0.602770
-0.597885 -1.582150 0.918672
-0.266601 -1.577000 0.908787
-0.509777 -1.710320 -0.096557
-0.399703 -1.537390 0.085783
-0.015489 -1.472310 0.942187
0.262593 -1.519600 1.053600
0.482825 -1.373100 1.171580
0.468143 -1.058750 1.193390
0.749297 -0.941408 1.049760
0.216058 -0.873678 1.244650
0.690938 -0.659297 0.898910
0.769224 -0.677828 0.610084
0.869506 -0.924169 0.448900
1.097460 -1.082870 0.589796
1.084910 -1.115830 0.903213
1.257820 -1.372560 1.112800
0.480968 -0.481365 1.008550
1.229750 -1.261530 0.418177
1.487630 -1.344990 0.486288
1.103140 -1.401130 0.233332
0.839866 -1.392440 0.228290
0.726505 -1.155320 0.245294
1.194140 -1.634920 0.166146
0.382673 -1.703320 0.899749
0.349903 -1.708540 0.649987
0.737701 -1.437610 1.187180
0.827051 -1.690500 1.213020
0.988494 -1.469400 1.216160
0.309198 -0.573561 1.167320
-2.899180 -2.923380 0.218293
-0.518933 -3.608660 -1.184860
2.545600 1.918950 0.059196
-1.805380 -2.086340 0.950740
2.351240 1.101620 -2.231250
2.479000 1.357130 -2.211060
2.720040 1.429510 -2.268260
2.941700 1.565130 -2.226030
3.235460 1.632140 -2.191490
3.390450 1.418430 -2.294920
2.444530 1.492700 -2.002000
0.364146 -0.481779 0.142959
2.937540 2.829260 -0.854979
-1.211170 -1.103750 -0.721328
-1.046380 -0.939507 -0.833173
-1.151230 -2.362430 0.332554
-1.069220 -2.104610 0.497057
-1.330910 -2.389860 0.577867
-1.840740 -0.704763 0.484798
3.284400 1.181840 0.032441
1.763380 0.021781 0.351872
5.051790 2.974080 -0.520798
0.617591 -0.144631 0.388656
0.445858 -0.003317 0.604482
0.225598 0.066439 0.839920
0.455365 -0.091854 0.192692
0.068517 -0.132081 0.990666
0.095296 0.285718 0.684898
3.062830 0.540308 -2.408870
3.264020 0.657455 -2.300270
-0.157386 0.219422 -0.574873
4.126110 4.379830 -0.107706
4.038540 4.327280 0.147092
-4.887160 -4.094110 -0.319073
-5.228590 -4.207260 -0.250445
-2.593960 -2.386070 0.315176
3.952090 3.546840 -1.064180
3.736490 3.734680 -1.129200
1.080890 0.630019 -1.386250
1.727220 -1.959500 0.952586
1.727510 -1.664400 0.833624
1.775660 -2.150790 0.780723
1.675370 -2.259530 0.983077
1.590850 -2.512990 0.994587
1.574540 -1.493990 0.983677
1.424330 -1.550750 1.178700
1.344890 -1.812390 1.270840
-3.208440 -3.344920 0.136858
-3.412820 -3.519940 0.083436
-3.200340 -3.648210 0.148098
-3.177270 -3.915760 0.175048
3.304920 0.864866 -0.123563
3.565860 0.798410 -0.148928
3.730650 0.989587 -0.125525
3.667650 1.240240 -0.078901
-2.598770 -2.073350 0.668669
-1.403670 -0.656513 0.806237
-1.486730 -0.890990 0.836460
0.497416 -4.243200 -0.924503
3.123740 2.999490 -0.095826
2.891270 0.606420 0.490260
1.946230 -4.060730 0.953740
-2.157650 -3.179920 0.749762
-2.279080 -3.407120 0.708120
-0.499193 -3.334020 -1.219190
-0.483602 -3.106450 -1.047800
3.487760 4.702020 -0.404657
1.513370 -3.876900 0.186696
1.287340 -4.048580 0.066957
1.323180 -4.335200 0.060050
1.534990 -4.450610 0.233594
1.858840 -4.392900 0.070390
1.697240 -4.505800 0.432247
2.164850 -4.294480 0.201573
0.176804 -1.876560 -1.742440
-0.351498 -2.399610 -1.275150
-0.227575 -2.464380 -1.542090
-0.333134 -2.224200 -1.062200
-0.644192 -4.303050 -1.344360
-0.412066 -4.464890 -1.467840
-0.398418 -4.457380 -1.789740
-0.666755 -4.096990 -1.547720
-0.595817 -4.158980 -1.867400
-0.430992 -3.953370 -1.778760
-0.144985 -3.937260 -1.745370
-0.673211 -3.932560 -1.354180
-0.644690 -3.826740 -1.117860
2.021440 -0.069825 -0.338212
-5.530860 -3.775350 -0.521301
-5.351430 -4.014530 -0.454486
-5.248730 -3.767310 -0.547741
-5.386400 -3.522800 -0.422855
-5.551310 -3.696280 -0.214978
2.208920 2.508370 -0.915669
2.126120 2.281750 -0.990555
0.053057 1.032560 -0.872247
0.482175 -0.250054 0.572433
3.533720 3.909690 -1.100690
3.140050 3.992070 -1.070730
-1.530260 -1.987170 0.077363
-1.273890 -2.033470 0.072776
-4.786260 -4.375530 0.063761
3.273820 1.185640 0.346386
1.416540 -2.712870 1.122270
-1.012690 -0.386700 1.015610
-1.112620 -0.630199 1.022860
-0.299696 -1.916520 -0.824434
0.097496 -2.981200 -0.502854
0.311532 -2.966750 -0.636723
2.182680 -4.393970 0.506918
1.002470 -4.151060 1.234960
2.897710 1.086780 0.564155
2.899840 1.275100 0.382102
0.139532 -3.576030 -1.455590
-5.527410 -3.967040 -0.249854
0.739073 -2.001490 -0.999175
0.734670 -1.706070 -0.998872
-2.805330 -2.945970 0.978676
0.433121 -1.882500 -0.627507
0.526231 -1.655060 -0.708947
0.385711 -1.457000 -0.640460
2.092220 -3.986930 0.692722
1.675960 -0.202919 -0.670540
1.609160 -0.289845 -0.441667
1.028270 -0.345227 -0.069389
3.354270 4.420960 -0.993027
3.521630 4.579470 -0.887791
-2.627690 -3.414670 0.814773
3.278460 3.478280 -1.033090
1.968900 -4.137460 0.081437
-0.842976 -1.317600 -0.695564
-2.284600 -1.745160 0.393473
2.124220 0.780426 -1.635780
2.202850 0.810534 -1.882040
1.681590 -2.465580 0.529602
0.176154 -1.163680 -0.424458
-0.003487 -1.187800 -0.203102
-5.086910 -4.204600 -0.025688
-3.700130 -3.499640 0.703421
0.685662 -1.749680 0.250759
2.550740 0.968188 -2.324360
2.090800 0.413062 -1.033030
-2.217750 -2.138610 0.139425
-2.107780 -2.000860 1.007100
-2.324450 -2.154720 0.948847
-0.259762 -1.952190 -1.532880
-0.384903 -1.911770 -1.315760
1.154350 1.308020 0.647457
1.586100 0.559842 -1.442430
-2.159500 -1.407260 0.531268
-1.883350 -1.003900 0.640832
3.811030 3.838110 0.317553
3.572620 3.926010 0.362671
1.045720 0.095377 0.600032
-0.741077 -1.122280 -1.099770
2.955460 4.484870 -0.576701
5.061140 3.380210 -0.048676
1.894680 -4.137050 1.383410
3.654200 0.386250 -0.065631
-2.780580 -3.995260 0.424095
-2.992990 -4.127490 0.355259
-0.197059 -3.215970 -1.478350
0.610476 -4.177150 0.923201
0.666767 -1.467750 -1.053760
0.606900 -4.242100 0.630804
-1.348110 -0.635645 -0.567750
0.283657 -0.859458 -0.824876
3.259320 3.559560 0.353072
3.520740 3.493620 0.364866
3.125310 3.775210 0.363251
4.259130 4.162140 -0.867979
0.405975 -4.134260 -1.860490
0.185117 -4.345970 -1.859880
0.002248 -4.173230 -1.989450
2.477690 2.270620 -0.938546
-2.733690 -2.448260 0.771878
-2.923560 -2.617080 0.671450
-3.108360 -2.793590 0.610837
-0.311841 -1.079100 1.172840
-0.329904 -0.823481 1.204500
-0.126141 -0.661938 1.256320
-0.181234 -0.423750 1.201170
1.953010 0.860567 -1.187360
0.681196 0.180725 0.705815
-2.563820 -2.877360 0.206086
3.505820 3.151040 0.189224
3.665500 3.054850 0.018005
0.558846 1.139990 0.665204
-3.317010 -3.042010 0.648897
-3.227930 -3.209210 0.822568
-3.441420 -3.150410 0.451495
-1.085780 -1.518260 -0.443160
-1.161100 -1.375020 0.762260
2.797310 3.505320 0.122777
1.036760 -2.073300 0.185961
-0.628051 -0.695292 1.231020
-0.802020 -0.869809 1.156560
-0.310132 -3.696550 -1.468610
-0.826126 0.698667 0.040473
0.130201 -3.888870 -1.596320
1.849290 0.872753 -1.444470
4.981190 3.372990 -0.746278
0.601510 -0.482976 0.431163
0.746969 -3.106590 0.483550
0.512387 -4.473940 -1.673810
0.463303 1.837140 -0.361543
0.428223 -1.198250 -0.866985
1.558050 -1.617410 0.317904
1.011630 -1.930310 1.240750
-1.562140 -2.449490 0.672445
1.171340 -3.675450 1.218370
0.870443 1.497800 -1.247270
-2.140780 -2.490710 0.978494
0.931256 -4.273490 0.244996
0.675522 -1.903580 -1.487700
2.688900 4.244600 -0.257845
-0.014587 -1.158770 1.195590
4.785940 3.784760 -0.066481
0.134052 -0.876264 -0.068136
3.745380 1.397410 0.251845
-0.416999 -0.328309 1.133720
0.032699 -4.484410 -1.554820
0.142762 -3.309080 -0.409817
-0.714549 -1.149850 1.167170
1.965050 2.083140 -1.341190
0.475985 -0.828210 0.188115
0.257709 -0.846197 -0.555034
0.500223 1.223880 -1.073190
3.302490 4.647570 -0.611733
-1.336360 0.038352 0.485105
-1.129510 -0.081973 0.623951
0.268407 -0.959987 0.131078
3.799430 4.221910 -0.932899
3.878400 4.442390 -0.927330
0.741566 0.768060 -0.113145
-0.605235 -0.650032 0.294972
1.260393 1.205959 -0.559663
1.480910 0.477236 -0.373303
3.204217 3.714287 -0.362803
-0.054825 -0.709713 0.622715
1.654665 1.337427 0.036429
-0.484647 -0.785808 -0.502629
1.963555 1.851523 -0.382389
-1.182277 -0.933452 0.304931
1.566003 1.518127 -1.008616
0.738908 0.424444 -0.626532
0.139938 0.550486 -0.115206
3.915898 3.661628 -0.431452
3.573325 4.189473 -0.462575
1.079410 0.237846 -0.017210
1.414159 0.743325 -0.902241
0.181216 -1.883330 -1.131143
0.783030 1.367379 -0.227382
-0.240309 0.028786 -0.011905
1.159955 1.069837 0.129531
-0.800861 -1.114205 -0.165151
-0.764978 -0.093596 0.182382
1.190645 -1.912965 0.689964
0.817128 0.751104 0.336341
-0.582181 -1.089695 0.632071
-0.191169 -1.105911 -0.830784
0.028945 -3.232902 -0.994075
1.161941 -3.343142 0.714478
0.475365 0.962738 -0.541739
1.747947 0.727910 0.019801
2.368249 2.465775 -0.439188
0.368610 -0.973683 0.654248
0.314409 1.007698 -0.015647
-0.068240 -0.300898 0.328261
-1.026873 -0.637584 -0.149047
4.691247 3.343889 -0.352463
1.345385 -4.047748 0.773553
0.758724 -1.460306 0.697102
2.769488 3.156171 -0.374268
-0.028834 -3.919784 -0.961648
3.616373 3.509044 -0.095887
-1.025081 -0.497284 0.434818
-0.490675 -0.562750 0.737982
0.878221 1.068220 -0.818457
2.109620 1.186312 0.143348
-0.348071 -0.871856 -0.047860
-0.481059 -0.255472 -0.425495
-1.480030 -1.264301 0.441601
1.214213 -2.431885 0.703840
-0.897841 -1.341953 0.295302
1.870593 1.373794 -1.318434
3.932590 4.048665 -0.590202
0.715935 0.285255 0.259777
1.700191 1.098320 -0.891544
-1.988598 -2.046468 0.543582
1.389213 1.722678 -0.478597
1.969293 1.897829 -0.826082
1.536103 0.297084 0.052680
1.706195 0.406298 -0.773030
0.141363 -2.380900 -1.182655
0.377061 0.614593 0.278831
0.064685 -1.447331 -1.016996
1.349192 0.055696 -0.348509
1.897550 0.349449 -0.338374
3.268893 3.952196 -0.005866
-2.338291 -2.612159 0.616391
1.039710 1.504272 -0.824208
1.235604 -2.918629 0.709563
4.346830 3.588070 -0.473396
1.019832 -3.756416 0.742902
1.984707 1.601687 0.150325
3.504333 3.690794 -0.716286
-0.982243 -0.865307 0.683129
0.916998 0.107582 -0.424531
0.265132 0.142347 -0.109379
0.228150 0.405440 -0.513011
1.300087 1.438960 0.275057
-0.486299 -0.174159 0.520360
1.015737 0.553530 -0.953478
0.002462 -1.070122 0.800030
2.232186 1.183885 -1.715892
-0.255257 -4.073698 -1.299002
-2.634037 -2.987655 0.594476
3.030132 4.079635 -0.406231
-0.155173 0.792851 0.003538
0.148497 -2.854584 -0.980859
2.174792 2.167340 -0.253461
0.582766 1.067883 0.273471
2.530917 2.861319 -0.521260
1.249592 1.117881 -1.021429
-2.956307 -3.288222 0.536783
2.718043 0.957065 0.239432
-0.093763 -0.730700 0.225808
1.790076 1.791250 -1.161388
-0.581612 0.291161 0.123891
-0.117988 -0.794232 -0.617932
-0.976090 -0.895654 -0.445566
1.110846 -4.026504 0.473522
3.936251 3.697087 -0.012661
-0.462745 -1.153851 0.237475
-0.179651 -0.387422 -0.135705
-1.374352 -1.627629 0.385601
1.048084 1.754680 -0.225595
2.228433 2.126158 -0.651103
3.296844 4.032454 -0.705088
-3.430417 -3.618006 0.455389
3.208269 3.324048 -0.270938
-1.848772 -1.637092 0.453261
0.266155 -0.531034 0.690442
-0.558203 -1.029452 -0.782181
0.138117 -2.110420 -1.447379
2.201079 1.823758 -0.068750
0.057044 -1.045583 0.429363
0.117522 -4.177185 -1.355134
1.611989 -4.135591 0.490148
2.870995 3.600495 -0.232762
-0.373691 -1.164585 -0.383236
4.049129 3.336270 -0.207757
0.406374 -1.346360 0.702953
-1.646125 -1.971906 0.427574
-1.978105 -2.443906 0.541694
1.536923 1.026155 0.261599
1.244325 0.655370 0.263787
1.876982 0.768211 -0.341479
-0.331564 -0.909023 0.841306
-0.039978 -0.455966 0.874241
1.056906 -1.684877 0.935198
0.601346 0.850158 0.507515
-0.037653 -3.427176 -0.698250
0.377803 1.295186 -0.331640
0.133728 -0.176118 0.594755
1.088596 -1.575897 0.563781
-0.100254 -3.612343 -1.167314
1.342494 -2.160681 0.898197
-0.130389 -1.686250 -1.200687
-1.198043 -1.041125 -0.179345
-3.844084 -3.784899 0.338180
-1.153308 -0.199351 0.289177
1.669035 0.123031 -0.508682
0.563066 0.137589 -0.412926
2.509874 1.158669 -1.925944
3.780034 4.219594 -0.111828
2.902849 1.170462 -2.102486
-4.191966 -3.884204 0.246393
3.708874 4.372384 -0.678971
1.281264 1.635832 -1.171215
-0.002477 1.139605 0.034386
1.021710 -4.080905 0.895271
-1.251283 -1.250866 0.179338
1.792806 1.316239 -0.447243
1.823219 0.430804 0.157670
0.438405 -2.165600 -1.137936
0.353475 -1.578976 -1.168574
0.102654 -0.036346 0.156127
-0.826534 -0.237879 0.554205
3.260531 3.583809 -0.014715
1.817096 1.243254 0.358143
0.949211 -3.094953 0.809714
0.015221 0.545233 0.327722
0.372684 0.662128 -0.773331
0.227925 -0.788283 0.913230
0.229930 -0.744407 0.418649
0.871714 -3.461835 0.860709
0.107501 0.813893 -0.430509
4.423115 3.448856 -0.148380
4.485257 3.151907 -0.544789
1.630521 -4.167837 0.906438
-0.898988 -1.215515 0.612468
-2.153784 -2.910557 0.527156
-0.185100 -4.231537 -1.589289
-3.046820 -3.703943 0.444720
3.315910 0.871436 0.218159
1.553562 1.518289 -1.342902
3.825361 3.489183 -0.733157
1.649507 0.605636 -1.109182
0.246892 -1.764448 -1.436002
0.728835 1.447574 -0.590166
0.535676 1.584861 -0.146880
-0.229587 0.286148 -0.243044
0.169209 0.893915 0.264218
0.560976 0.957177 -0.870933
2.371235 0.994500 0.273224
-0.374452 -0.417701 -0.749689
1.267499 -2.175264 0.480226
3.250453 4.328722 -0.493862
2.472843 2.119608 -0.399043
-0.152940 0.009354 0.486177
-1.402872 -0.758372 0.486824
0.783676 0.119539 -0.749135
1.192405 -0.069016 -0.007851
3.555460 3.398449 -0.448614
1.066907 0.335682 0.330672
-0.098266 -2.051075 -1.221382
3.408829 4.304960 -0.137971
0.995792 1.162559 0.398874
-0.673043 -1.414196 -0.072442
-0.186784 -4.113555 -0.746955
-1.222178 -1.113512 0.575254
-2.216771 -2.250377 0.441896
-0.706345 -0.788213 0.849875
-0.112155 -0.705102 -0.217074
1.418826 1.700105 -0.033325
-0.778369 -0.791264 -0.695889
2.310429 1.812825 -0.389975
-1.576155 -2.303490 0.381482
0.198891 -4.123726 -0.809278
-1.237351 -0.534003 0.135501
-0.413453 -0.264930 0.821343
-0.837411 -0.134277 -0.232413
1.402690 -1.672880 0.605249
-0.448107 0.637779 0.068050
-0.225941 -0.093942 -0.539414
1.981744 1.150794 -1.511445
0.569341 0.461074 0.482847
0.088400 -1.731033 -0.828567
1.532609 0.976031 -1.176609
-0.509800 0.158796 0.417684
0.113270 -1.109928 -0.906765
0.109284 -3.747577 -0.701963
1.401154 1.826337 -0.848585
-0.073975 -1.400829 -0.713942
2.749648 2.756936 -0.304176
4.096869 3.953923 -0.248273
1.040748 -1.853388 0.415781
-4.598759 -3.952428 0.073555
1.796377 2.034756 -0.133787
-0.950345 -1.237039 -0.412055
1.236760 -3.587212 0.913731
-2.379507 -3.168558 0.517044
3.004162 0.831050 0.295992
-3.215478 -3.451532 0.618502
0.029161 -3.876204 -1.293238
-4.992955 -3.872420 -0.133797
0.918707 1.505841 0.097428
0.660579 -1.266878 0.929950
1.960274 0.514300 -0.607594
1.104287 0.826584 -1.119937
-0.517821 -1.138469 0.929812
1.335677 0.205670 -0.726030
-0.991056 -1.389847 -0.011947
3.619066 0.885706 0.136040
-1.778521 -1.241434 0.375917
-0.959197 -0.558744 0.756054
2.505605 2.963163 -0.218864
2.729756 3.029756 -0.688144
-2.145642 -2.294331 0.746526
0.277707 0.248661 0.347489
3.476280 3.717239 0.162210
1.432949 -3.231572 0.774232
3.235534 3.514777 -0.716767
-0.336211 -3.845558 -1.106543
0.075720 -1.483298 -1.332737
1.595390 1.473494 0.399451
1.042649 -3.125909 0.526890
-0.168749 0.688897 -0.306732
4.747558 3.006746 -0.454616
1.505601 -2.067432 0.649710
1.154722 0.894788 0.448327
0.364872 -1.807242 -0.906895
0.666366 0.502069 -0.960491
2.589253 2.501181 -0.225736
1.846022 1.133704 -1.146836
1.926674 1.443413 -0.957479
0.009460 -2.560372 -0.942302
1.908172 -4.201496 0.561431
0.518766 -1.173586 0.473024
1.455269 0.917578 -0.269505
-0.288824 -3.556343 -0.903236
1.101417 -1.995975 0.963107
-3.558944 -3.920962 0.358255
-0.078591 -0.780834 0.971670
-0.277485 -1.274862 0.695696
-1.858235 -2.736899 0.461888
1.354034 1.206024 0.452003
-2.721243 -3.499448 0.491400
-1.058446 -0.594104 -0.457208
-0.709007 -0.539119 -0.326486
4.622816 3.641651 -0.290344
0.653406 1.267482 -0.818473
1.424144 2.004574 -0.242437
0.287917 -4.103205 -1.106169
1.272173 0.556862 -1.142333
-0.544552 -1.420610 0.537223
0.239323 -3.425403 -0.856486
1.364445 -3.902490 1.045017
0.915049 0.046837 0.316668
0.989871 1.296936 -1.046538
1.052370 -2.683513 0.649483
1.853635 1.609178 0.410947
-1.378762 -1.904236 0.307236
1.344780 -1.658811 0.922360
0.422997 -2.036916 -1.405380
-0.950315 -0.022130 0.401420
0.180010 -0.455974 0.373505
1.362683 1.301264 -1.239894
1.769464 0.826938 -0.965713
1.633108 0.851170 -0.615808
0.729613 1.718472 -0.323016
-0.323213 -0.735798 -0.917229
1.664608 2.006748 -0.776449
1.724760 1.633826 -0.668342
2.900260 3.414639 -0.601765
1.362859 -3.313150 0.491470
-2.637209 -2.659582 0.573111
1.355742 -2.668066 0.829280
0.077353 -3.047362 -0.781021
2.237734 1.546043 -0.192602
2.044615 1.245197 -0.203389
0.869375 -4.096796 0.637224
3.424330 4.367846 -0.719370
0.866439 -3.343364 0.597530
1.685676 1.746218 0.159160
-0.198492 -3.287446 -1.185010
4.218009 3.362885 -0.697392
-2.066306 -1.775057 0.572306
3.784508 3.278285 -0.115474
3.953701 3.292337 -0.512504
0.308048 -4.198062 -1.594859
2.360595 2.388184 -0.710348
2.639797 2.543777 -0.556439
1.980235 2.174489 -0.774945
0.229446 1.387377 -0.064974
0.207299 0.983268 -0.637312
-0.791756 -0.978965 0.334770
-0.042536 0.429957 -0.411741
0.095393 0.135945 -0.387253
1.285686 -3.626728 0.583798
1.748854 1.620792 -0.185117
2.278990 2.475718 -0.165320
0.104016 -0.366946 0.109278
3.233451 3.806503 -0.871618
3.732019 4.127613 -0.713365
3.665650 3.883101 -0.511817
-2.416438 -2.829380 0.446905
1.197479 1.367880 -0.180462
0.294659 -1.538705 -0.890171
2.046952 1.536809 -0.470640
3.913940 3.980958 -0.030966
3.660845 3.827292 -0.183493
0.804898 0.753460 -0.811809
1.151911 0.682557 -0.564105
0.855087 0.915216 -0.458751
1.277750 1.410762 -0.976476