1149
885
887
890
481
482
918
160
467
1013
729
731
961
178
1009
1139
180
635
637
842
638
639
653
736
776
1025
564
706
1005
517
519
561
260
1127
184
455
458
738
742
763
139
679
1055
172
535
536
103
387
388
94
272
307
565
239
261
1031
412
709
915
533
534
538
242
613
615
288
542
544
495
496
502
26
822
1078
797
976
1036
483
691
694
169
879
888
235
835
836
1119
73
202
703
150
211
830
403
685
1099
265
1040
421
478
950
376
928
929
883
889
132
453
454
165
269
275
240
821
864
105
325
580
427
990
991
741
792
793
798
83
122
124
233
1081
1141
214
840
841
273
100
395
933
213
389
159
338
340
331
749
779
1109
442
894
900
305
537
253
402
423
1090
1091
215
770
781
848
966
967
595
652
870
237
1034
664
665
666
777
791
800
937
938
1011
223
12
486
487
243
618
620
142
919
920
515
558
567
556
228
783
230
747
748
624
994
245
610
1033
524
557
573
293
1082
1084
158
540
541
369
584
585
149
360
361
62
845
846
98
374
375
401
1046
1064
161
554
917
359
491
492
153
270
993
702
43
116
942
271
463
1041
1148
258
711
1065
54
857
1134
969
249
881
256
875
876
123
411
693
707
425
516
527
162
548
553
221
897
1117
238
632
989
619
650
916
404
681
683
46
898
79
1056
825
1129
616
364
365
587
588
589
431
1019
1020
279
286
309
151
623
1114
764
765
1128
686
896
248
837
838
106
355
356
466
1012
563
948
546
644
647
598
979
394
432
31
91
175
244
608
611
2
53
185
168
1093
1138
264
957
74
186
205
55
604
605
732
772
1049
434
1094
599
995
997
163
294
547
744
1077
1079
234
301
405
684
69
89
90
854
858
688
692
628
1022
1137
8
112
1062
1112
723
752
753
952
847
1073
856
860
861
710
972
339
1132
528
530
280
951
789
1054
192
668
669
65
675
676
626
996
154
310
326
93
552
834
274
724
803
807
341
473
936
193
170
986
987
41
78
667
58
200
201
337
345
869
775
506
508
531
259
1058
219
500
501
522
566
1016
727
761
762
386
439
392
719
390
84
177
152
179
832
107
145
363
7
52
299
1067
1083
47
1096
1135
562
600
366
393
430
532
433
1110
1111
954
631
766
204
1059
391
143
809
810
23
88
1002
218
901
960
603
15
308
311
956
444
640
648
828
872
973
190
330
334
819
220
549
296
335
44
435
914
80
673
674
485
512
978
398
329
67
576
578
22
33
111
198
590
722
1125
475
670
850
968
410
774
196
922
923
358
490
945
6
85
935
367
266
853
1017
1027
187
873
120
313
317
602
1030
970
229
903
904
596
655
656
654
18
472
877
1106
16
354
1010
962
963
964
101
75
663
829
127
130
1097
630
57
384
823
227
906
907
695
696
226
826
827
34
591
137
267
661
25
126
489
953
726
343
1043
1000
1001
283
1070
581
582
583
633
660
135
449
450
140
678
699
612
1023
607
636
332
862
934
61
368
268
662
216
788
831
947
14
108
521
461
469
173
86
257
382
494
499
940
241
740
1072
96
371
474
1116
794
799
507
509
1008
1089
658
48
1107
437
899
760
477
493
399
479
594
351
428
429
438
882
884
138
446
447
754
805
806
167
312
555
1071
157
550
551
24
164
406
983
505
1053
199
518
874
687
708
113
855
440
891
909
592
377
1069
314
315
460
514
569
750
1118
109
3
895
1131
680
1136
824
297
1066
0
10
45
1140
1146
921
1113
30
849
156
304
606
634
659
1
181
813
814
815
844
700
419
232
1050
1051
383
385
1123
397
787
134
144
51
1144
1145
1057
629
289
300
36
68
189
188
210
59
323
324
867
336
756
734
751
408
525
1052
782
802
520
50
346
424
1103
1104
357
745
943
166
298
539
721
1087
1088
263
771
400
379
1080
1018
285
865
1130
278
1068
1098
117
212
104
645
646
735
1026
81
37
380
468
148
625
409
70
92
207
704
1060
480
714
739
29
574
759
796
21
575
614
1076
905
128
131
224
769
333
643
572
448
63
194
924
672
370
195
944
56
415
1105
720
114
462
627
980
9
318
13
543
470
671
484
689
464
40
443
129
452
1115
577
1003
1007
1029
1004
250
908
303
713
372
373
284
866
436
621
42
208
147
347
784
958
593
992
571
350
790
155
276
852
712
892
893
911
118
785
344
426
818
183
28
255
38
319
20
758
597
642
998
999
133
182
222
570
4
513
1032
225
77
277
609
833
251
682
690
102
35
119
503
1045
768
416
839
291
292
1108
859
82
19
203
1095
526
717
981
1143
316
716
252
930
1015
767
932
801
1124
321
975
977
715
66
451
420
511
641
1100
1101
1038
786
287
545
1063
820
209
649
17
910
757
984
414
1042
601
939
254
60
863
99
290
11
488
1061
362
197
465
1085
72
97
459
795
1024
880
931
49
568
925
328
804
677
422
941
912
236
705
476
32
206
988
886
418
651
559
560
523
817
1037
141
730
955
115
217
353
146
349
352
87
262
878
510
965
295
39
949
247
913
1122
974
778
396
282
1086
497
498
1035
231
1048
851
946
1120
843
697
698
1047
718
407
281
1021
529
302
773
1121
76
306
622
125
743
1074
971
171
1006
1133
985
1044
136
445
617
27
1102
1028
808
381
110
456
457
755
926
871
176
471
586
728
982
413
174
746
902
320
322
1014
71
725
812
348
121
504
1039
1126
5
579
95
959
378
1075
327
417
701
1147
780
342
737
246
868
64
1142
927
441
191
1092
733
811
816
657
