2294
885 890 887
481 482 918
160 1013 467
729 731 961
178 1139 1009
180 1009 1139
635 842 637
638 653 639
736 776 1025
564 1005 706
517 519 561
260 482 1127
184 458 455
738 742 763
139 679 1055
172 536 535
103 387 388
94 272 307
564 706 565
239 1031 261
412 709 915
533 538 534
242 613 615
288 544 542
495 502 496
26 239 822
26 1078 239
797 1036 976
483 694 691
169 879 888
235 836 835
235 835 1119
73 703 202
150 211 830
403 685 1099
265 1040 467
421 478 950
376 929 928
169 889 883
132 454 453
165 275 269
240 821 822
542 544 864
105 580 325
427 991 990
741 792 793
741 798 792
83 122 124
233 1081 1141
214 840 841
180 273 1009
100 395 933
213 1081 389
159 340 338
159 331 340
749 779 1109
442 900 894
305 535 537
253 402 423
421 1091 1090
215 781 770
848 966 967
595 652 870
237 1034 1031
664 665 666
777 791 800
937 938 1011
223 937 1011
12 487 486
243 618 620
142 919 920
515 558 567
515 556 558
228 783 1109
230 748 747
624 652 994
245 610 1033
524 557 573
293 1084 1082
158 540 541
369 584 585
149 360 361
62 846 845
98 374 375
401 1046 1064
161 554 917
359 491 492
153 270 269
652 993 994
73 702 703
43 116 942
153 271 270
463 1148 1041
258 711 1065
54 1134 857
54 969 1134
249 888 881
256 876 875
122 123 124
411 693 707
425 516 527
162 553 548
221 897 1117
797 976 798
741 797 798
238 632 989
619 916 650
404 681 683
46 898 897
79 665 1056
124 1056 665
238 825 1129
427 616 991
361 364 365
587 589 588
431 1019 1020
279 286 309
151 279 309
623 1114 836
764 1128 765
686 691 694
46 896 894
248 837 838
106 356 355
466 1012 467
563 948 565
546 647 644
598 979 618
394 432 1020
31 175 91
244 608 611
2 53 185
168 1093 1138
264 957 731
74 205 186
55 846 848
846 966 848
244 605 604
213 1141 1081
732 772 1049
434 1094 1093
599 995 997
163 547 294
744 1079 1077
234 1034 1033
165 270 301
165 269 270
405 686 684
69 90 89
55 858 854
411 688 692
628 1137 1022
8 112 1062
598 1112 916
723 752 753
160 1012 952
847 1073 848
847 848 967
856 860 861
710 972 711
339 536 1132
425 528 530
280 952 951
779 1054 789
192 669 668
65 675 676
626 996 997
154 326 310
93 552 834
153 274 271
724 807 803
341 936 473
193 473 936
170 987 986
41 667 78
58 200 201
337 869 345
736 1077 775
506 531 508
105 355 356
163 301 547
259 1058 918
219 500 501
522 566 1016
522 563 566
727 762 761
248 386 837
168 887 439
392 719 589
390 719 392
84 178 177
152 832 179
107 363 145
7 53 52
293 299 1067
293 1083 299
47 1096 1135
562 566 563
600 836 1114
879 881 888
12 502 366
393 532 430
848 1073 858
433 1110 1111
731 957 954
631 1079 766
73 201 204
481 1058 1059
391 588 589
143 809 810
727 764 765
23 88 1002
218 960 901
242 603 613
15 311 308
732 956 957
431 1110 444
640 648 828
635 973 872
190 330 334
238 989 819
69 220 90
271 274 272
83 664 1002
94 549 271
296 334 335
44 435 914
80 674 673
485 512 692
485 978 512
398 401 1064
192 330 329
67 576 578
47 1135 1110
444 1110 1135
22 111 33
198 590 942
722 1125 800
305 475 670
850 969 968
410 421 950
631 774 775
196 923 922
143 922 923
358 945 490
6 85 935
358 367 945
266 864 544
433 1138 1093
853 1017 1027
187 1027 1017
139 810 873
120 313 317
261 1030 602
288 542 541
221 896 897
421 970 478
229 904 903
596 655 656
654 656 655
18 472 928
18 1106 877
16 1010 354
962 964 963
101 402 401
101 423 402
75 829 663
127 1097 130
630 828 648
52 53 57
384 823 821
31 78 667
227 906 907
260 696 695
481 918 1058
226 827 826
34 1062 111
105 584 580
444 1135 591
595 993 652
137 676 675
179 661 267
25 1056 124
126 489 953
726 976 1036
192 668 343
279 1043 280
916 1000 1001
266 1070 283
581 583 582
620 660 633
135 449 450
140 678 699
483 695 694
605 612 1023
607 637 636
153 661 274
332 345 338
862 969 934
850 934 969
61 368 369
267 662 268
216 1054 788
152 831 832
540 947 541
14 57 108
521 556 557
100 461 395
256 875 469
173 533 534
23 86 88
257 395 382
394 972 710
494 940 499
241 819 989
740 792 1072
96 371 390
474 1116 537
793 799 794
507 509 531
1008 1089 1009
67 582 198
596 658 650
48 1107 710
437 885 887
229 899 900
760 799 774
193 936 477
491 493 492
399 478 479
594 660 620
351 428 429
438 882 884
738 765 766
138 446 447
754 805 806
167 312 555
339 1071 474
157 279 280
162 550 551
24 430 1019
164 548 547
399 406 478
727 983 764
430 1020 1019
505 1053 506
199 591 590
631 765 1128
518 874 519
411 708 687
79 666 665
673 674 675
113 854 855
440 909 891
199 588 592
405 691 686
412 687 708
248 377 1069
314 429 315
315 429 428
359 387 460
507 569 514
215 1118 750
22 109 34
3 895 1131
680 1136 994
239 824 822
297 540 1066
337 345 1132
0 33 10
45 1140 1146
142 921 810
392 583 1113
30 583 392
849 854 858
156 304 475
67 578 581
606 636 634
594 659 660
1 377 375
253 681 404
359 492 388
84 181 453
84 177 181
813 814 815
62 845 844
364 366 365
180 700 273
419 518 963
232 1051 1050
383 384 385
218 1123 961
258 1065 397
229 787 904
134 953 144
51 123 487
393 1145 1144
58 108 200
399 1057 406
629 647 1137
165 289 275
165 300 289
22 36 68
403 410 406
406 410 950
162 552 553
41 189 664
180 1139 188
187 210 1027
444 592 1019
24 1019 592
59 323 324
293 867 1084
261 602 1129
159 338 336
727 761 756
734 752 751
408 1052 525
782 802 783
520 562 563
50 346 700
424 1103 1104
634 636 637
149 945 357
264 729 745
139 873 943
166 268 269
727 763 762
298 539 538
425 1053 516
721 750 751
623 1087 1088
263 771 782
138 447 449
400 1064 1046
98 1080 379
723 806 1018
285 865 1130
16 363 1010
278 1043 279
36 1098 1068
58 212 117
729 961 1123
104 385 384
606 646 645
103 384 383
735 1125 753
223 940 937
241 989 616
605 611 612
339 1132 345
619 650 658
185 1026 186
81 177 663
37 379 380
169 883 882
10 111 112
144 468 145
148 700 346
466 952 1012
625 996 1000
261 1129 825
263 772 771
410 1099 915
409 410 915
46 899 898
433 1111 1138
70 89 90
92 207 704
241 616 1060
412 915 1099
259 714 480
168 439 1093
739 1125 815
29 116 574
759 1036 796
21 576 575
614 1076 618
227 903 905
744 766 1079
128 131 458
224 898 907
742 1118 769
333 477 936
643 1087 1119
524 572 525
332 340 341
448 453 454
830 832 831
63 196 194
63 923 196
25 127 130
63 924 923
520 565 672
96 370 371
195 678 944
195 944 873
56 853 1026
415 516 1105
720 745 729
114 462 1144
139 1055 810
30 392 589
620 980 627
437 883 885
9 496 486
314 318 317
850 968 967
522 1016 1052
525 1052 1016
21 575 574
245 841 610
13 144 145
293 1067 543
101 671 470
101 470 469
484 689 686
173 463 464
23 40 85
435 443 1096
796 1036 797
129 1115 452
101 398 671
524 525 1016
21 577 576
1003 1029 1007
1003 1004 1029
250 881 879
228 789 908
192 329 303
482 713 918
98 372 373
284 866 867
626 997 995
168 1138 436
234 1031 1034
606 634 621
256 877 876
630 639 653
721 748 750
440 885 826
226 826 885
736 815 814
42 123 122
284 542 864
128 129 131
185 186 208
147 346 347
228 784 783
264 958 957
593 992 633
517 561 571
224 897 898
147 350 351
200 204 201
120 312 311
561 672 571
230 720 790
339 474 536
155 276 275
619 979 916
113 852 854
259 713 712
259 712 714
403 1099 410
81 91 175
108 117 109
892 911 893
117 212 118
150 830 831
785 908 905
106 354 1010
344 668 669
104 818 426
140 194 183
770 781 782
259 918 713
28 942 590
249 255 889
8 319 38
643 1136 1087
20 324 325
758 1072 798
758 798 976
167 555 554
597 642 973
625 1112 998
998 1112 999
12 486 496
133 182 183
633 992 990
222 895 893
105 325 355
268 662 269
419 570 518
4 365 502
264 1018 958
535 536 537
409 421 410
424 513 1032
216 225 907
674 1097 1115
22 34 111
53 77 185
160 277 1013
600 634 842
273 1008 1009
608 609 611
227 907 898
150 831 833
251 690 682
779 788 1054
102 460 387
35 119 118
431 1111 1110
564 565 948
4 502 495
194 699 503
248 1045 377
107 468 364
75 830 829
505 1105 516
738 768 742
416 687 685
250 839 881
291 1108 292
847 859 1073
31 82 78
19 203 703
333 344 477
434 895 1095
526 706 717
149 491 945
629 1137 656
266 981 1143
79 667 666
238 824 825
120 555 312
316 716 323
50 700 180
252 930 682
252 682 1015
738 766 767
251 930 932
740 801 800
727 765 763
623 1088 999
251 932 1124
849 859 860
847 860 859
35 203 321
179 1008 661
56 185 975
77 975 185
484 485 689
484 977 485
219 494 499
712 713 715
66 134 451
723 753 806
239 825 824
420 511 508
597 641 642
604 605 645
74 186 1027
179 832 1089
273 274 1008
296 1100 1101
86 1038 88
789 906 905
749 1109 802
263 786 1049
120 321 555
166 277 278
732 1049 956
199 587 588
742 769 762
55 854 852
420 693 512
2 204 200
425 527 528
287 545 463
66 127 1063
384 821 820
3 1131 890
91 704 209
640 828 649
17 935 40
440 826 910
192 303 669
405 684 683
266 544 981
785 903 904
61 357 367
757 984 983
736 775 776
284 543 542
414 1042 978
242 632 601
403 683 684
80 1097 674
43 942 939
43 939 938
207 211 917
254 438 715
67 198 575
239 1078 1031
60 325 716
42 487 123
165 301 300
480 970 1059
479 970 480
104 384 820
131 454 455
65 673 675
263 783 786
400 480 714
243 614 618
151 267 268
846 863 966
99 1080 376
285 289 290
11 489 488
596 649 655
427 992 1061
106 362 360
197 290 291
598 916 979
618 980 620
173 1085 465
277 1043 278
405 681 690
40 189 72
97 459 373
160 952 280
28 939 942
795 1024 797
252 880 931
438 931 880
70 86 89
58 117 108
35 212 202
218 961 960
642 1136 643
297 869 337
297 336 869
285 1130 289
119 321 317
393 430 1145
49 428 350
179 1089 1008
514 568 570
11 953 489
297 299 335
41 666 667
285 866 865
485 692 688
391 1144 1145
293 1082 1083
482 483 1124
436 710 1107
432 710 436
15 314 313
103 823 384
184 925 920
213 389 388
190 1101 328
132 453 181
724 803 804
863 934 966
140 676 677
422 1091 424
103 388 389
225 1146 1140
44 939 941
720 1123 912
24 592 588
236 646 621
143 923 924
142 810 1055
92 704 705
344 476 477
442 901 900
32 69 1068
32 937 220
74 207 206
19 554 555
796 1024 988
75 1089 832
230 747 720
437 887 886
473 474 1071
418 513 1104
61 369 585
624 642 651
606 621 646
559 562 560
521 562 559
523 528 817
594 1022 612
605 1023 645
358 490 460
260 483 482
334 336 335
735 753 752
248 385 386
442 894 893
484 694 695
42 122 1037
431 444 1019
256 469 470
141 919 1055
416 688 687
490 945 491
724 804 805
730 954 955
204 208 205
332 473 1071
17 52 115
517 572 573
217 955 954
238 1129 601
8 119 319
119 318 319
721 745 747
14 108 109
792 798 1072
862 934 1017
113 862 1017
107 364 361
99 376 472
414 977 696
526 672 565
60 353 354
146 352 349
51 488 489
24 1145 430
248 838 1045
739 1025 777
10 33 111
595 1001 1000
87 1037 1038
262 875 878
244 611 605
510 965 964
15 308 351
154 328 295
39 318 314
408 717 1007
408 1007 1029
408 1029 949
949 1029 1004
415 518 516
625 998 996
247 838 837
247 840 838
219 493 494
163 292 1108
442 913 901
68 1068 69
252 1015 878
158 1066 540
637 638 973
161 834 552
228 1122 784
292 974 295
218 913 912
420 508 509
29 574 575
249 839 838
838 839 1045
11 366 364
523 573 557
517 817 527
140 699 194
70 87 86
18 877 472
230 778 748
391 719 1144
396 933 1065
397 1065 933
365 366 502
265 282 1040
227 905 906
235 1119 1087
235 1087 1086
9 498 497
357 945 367
245 1034 1035
82 91 209
427 1060 616
266 283 865
546 1023 1022
75 663 178
265 467 1013
263 782 783
231 255 1051
73 204 205
6 935 115
137 1048 141
740 800 791
77 851 975
310 326 833
298 946 947
227 898 899
484 696 977
46 900 899
297 335 336
315 428 1120
596 650 649
835 836 843
422 698 697
93 833 326
34 109 117
137 675 1047
619 627 980
266 865 864
16 354 353
649 828 655
408 525 718
407 1059 970
599 999 1088
133 183 196
131 452 450
267 661 662
155 281 276
153 662 661
243 615 614
241 426 818
735 813 815
96 392 1113
485 977 978
105 356 585
593 1021 992
724 805 754
260 695 483
192 343 331
528 529 530
722 800 801
244 602 608
157 302 303
631 773 774
631 1128 773
237 1121 1035
76 78 844
306 534 535
306 535 670
149 365 491
205 206 702
41 78 76
622 1114 999
25 123 125
244 604 603
76 844 845
76 845 77
771 804 803
440 910 909
743 771 803
399 479 1046
242 616 632
546 1137 647
433 1094 1110
47 1095 1096
7 52 17
435 1095 895
250 879 878
93 834 833
600 842 843
744 814 767
726 759 756
420 509 1074
8 1062 119
396 971 532
790 909 910
167 554 551
601 602 603
622 999 1112
171 1085 306
1003 1006 1005
1003 1007 1006
228 908 1122
234 609 608
231 1133 1146
773 984 985
60 355 325
757 759 1044
757 1044 986
136 445 138
734 751 750
236 617 614
415 962 963
598 1076 617
138 445 446
10 1102 27
106 360 356
356 360 357
629 656 654
407 1090 697
622 1028 1114
756 807 808
743 761 762
996 998 997
133 922 921
503 809 924
143 924 809
147 351 308
37 380 381
635 637 973
14 109 110
153 269 662
62 210 863
135 457 456
332 338 340
726 755 758
474 537 536
26 822 823
821 823 822
499 926 500
517 573 817
254 931 438
742 768 1118
22 33 36
55 852 851
599 680 995
463 545 464
411 707 708
560 561 874
519 874 561
507 530 569
83 1002 88
19 702 206
114 390 371
0 871 33
33 871 36
249 840 255
954 957 956
419 963 964
720 729 1123
19 555 203
432 1111 1020
508 531 509
297 1066 299
190 329 330
166 276 277
607 636 647
4 495 493
313 314 317
284 864 865
58 201 212
791 793 792
740 791 792
83 665 664
857 1134 862
862 1134 969
785 904 1122
635 872 835
635 835 843
230 790 788
422 1032 698
9 486 498
176 181 177
256 470 471
434 1131 895
164 270 271
20 578 577
214 1050 1051
149 357 360
380 461 381
214 255 840
614 617 1076
623 999 1114
193 1116 474
418 511 513
394 710 432
172 535 534
434 1093 1131
720 747 745
529 569 530
523 556 529
847 967 968
169 888 889
266 1143 1070
199 592 591
232 1050 1141
216 907 906
198 582 586
23 1002 189
728 774 799
764 984 1128
773 1128 984
727 982 983
80 176 175
100 933 532
62 82 210
238 601 632
3 891 892
442 893 911
37 372 379
156 302 304
873 944 943
678 943 944
413 559 560
413 567 559
517 527 519
170 794 987
79 130 174
11 364 468
723 1018 746
426 1060 1061
419 514 570
103 389 823
104 386 385
546 644 645
849 858 859
858 1073 859
106 355 354
86 87 1038
51 487 488
619 658 627
413 570 567
170 795 794
521 566 562
221 902 896
233 1035 1121
796 797 1024
12 496 502
143 921 922
513 698 1032
430 971 1020
19 206 917
624 651 652
88 1037 122
21 574 27
680 1087 1136
39 322 320
682 1014 1015
433 1093 1094
481 1059 1127
606 645 644
1 383 385
57 200 108
106 1010 362
722 755 754
507 514 509
430 532 971
478 970 479
71 220 937
294 326 974
728 776 774
274 661 1008
757 986 985
985 986 987
216 827 225
439 890 1131
258 1064 714
172 534 538
471 472 877
607 638 637
415 963 518
597 639 641
193 474 473
154 286 328
396 972 971
245 1033 1034
4 493 491
213 501 1141
416 685 684
722 754 753
332 1071 345
169 880 879
260 1127 697
186 1026 1027
523 557 556
876 877 1106
119 317 318
674 1115 1047
129 1047 1115
49 350 349
47 1110 1094
92 211 207
25 124 123
236 621 617
615 991 616
757 985 984
515 529 556
50 347 346
71 937 940
11 468 144
294 548 553
725 813 812
743 770 771
520 672 561
738 767 768
594 628 1022
264 731 729
420 512 511
348 349 350
594 627 628
65 183 182
98 376 1080
6 68 69
237 1078 1121
262 1014 423
50 446 445
18 1045 839
18 839 1106
147 308 346
44 1011 938
167 551 550
247 837 1021
54 861 969
861 968 969
156 475 476
395 397 933
760 794 799
399 401 402
399 1046 401
73 202 201
721 747 748
546 645 1023
847 968 861
847 861 860
121 449 447
121 450 449
409 915 504
236 613 604
514 569 568
60 316 353
188 447 446
162 549 550
291 1082 1084
120 317 321
49 349 352
437 886 884
82 209 210
74 210 209
600 843 836
743 769 770
381 461 462
131 455 458
71 1039 90
190 334 1101
1 385 1069
99 382 380
617 621 1028
146 349 1126
485 688 689
5 467 1040
297 337 539
166 275 276
31 174 175
236 604 646
280 951 302
166 269 275
223 499 940
222 893 894
97 370 368
46 897 896
184 920 919
38 320 59
730 961 731
618 979 980
178 1009 1089
20 579 578
20 580 579
96 1113 369
95 583 581
685 687 1099
141 1055 679
141 679 677
288 545 544
140 677 678
677 679 678
91 705 704
358 460 459
229 903 899
784 1122 787
229 959 955
188 453 448
102 387 378
170 986 988
986 1044 988
774 776 775
92 705 829
265 277 276
207 209 704
287 1143 981
522 949 948
522 1052 949
414 513 1042
28 443 941
756 759 982
757 982 759
727 756 982
251 682 930
12 488 487
252 931 930
626 995 994
98 373 374
619 980 979
409 1091 421
125 126 1063
26 389 1081
187 934 863
369 1113 584
95 584 1113
156 303 302
10 112 1102
240 820 821
24 588 1145
159 334 330
263 1049 772
127 1115 1097
254 715 713
510 1074 1075
723 746 751
5 1040 1041
114 719 390
114 1144 719
332 341 473
571 718 572
66 1063 126
169 882 880
333 936 341
201 202 212
512 978 1042
412 1099 687
730 731 954
222 902 914
640 651 641
102 378 374
337 1132 538
172 538 1132
68 115 110
31 91 82
232 1141 501
231 1051 1133
216 826 827
148 273 700
640 649 870
114 371 381
393 1144 462
222 896 902
41 72 189
188 448 447
602 1030 608
379 1080 380
157 327 286
623 1086 1087
258 397 398
283 1130 865
215 770 769
28 591 443
5 1041 1148
159 336 334
32 1098 938
99 471 382
102 459 460
13 146 1126
172 1132 536
289 300 290
400 479 480
527 817 528
523 529 528
47 1094 1095
849 860 856
417 708 707
418 508 511
711 714 712
257 671 397
43 871 116
23 189 40
9 497 701
53 76 77
170 988 1024
229 900 901
150 833 834
599 998 999
788 790 910
140 183 676
725 767 814
30 586 582
749 802 782
189 1002 664
417 510 964
741 793 794
785 1122 908
304 306 670
0 27 116
142 1055 919
240 824 819
101 469 423
465 1147 1148
197 291 1084
736 1025 815
524 573 572
29 575 198
359 460 490
234 1030 1031
749 781 780
331 342 340
737 1118 768
155 283 281
674 1047 675
61 367 368
56 1026 185
155 289 1130
38 319 320
197 1084 867
16 353 352
243 990 991
246 609 610
19 917 554
316 868 353
339 345 1071
217 954 956
607 653 638
49 352 868
158 1067 1066
439 887 890
418 1104 506
603 604 613
13 457 134
413 874 518
402 404 1057
265 276 281
290 1108 291
107 361 362
61 356 357
219 501 492
26 1121 1078
64 1021 837
80 174 130
80 130 1097
66 452 1115
246 610 593
397 671 398
257 470 671
13 145 1142
7 17 40
520 561 560
520 560 562
37 370 372
37 371 370
505 1104 1103
237 1031 1078
113 1017 853
85 89 86
352 353 868
415 504 962
415 1105 504
197 285 290
258 714 711
418 506 508
414 698 513
39 320 319
97 367 358
63 194 503
63 503 924
152 309 310
152 927 309
726 758 976
151 278 279
74 1027 210
650 916 1001
437 884 882
95 581 579
95 579 584
855 856 857
624 1136 642
359 388 387
432 1138 1111
338 345 869
228 1109 789
761 803 807
79 1056 130
6 69 89
233 1141 1050
546 1022 1137
247 610 841
219 492 493
509 514 1075
514 965 1075
434 1095 1094
34 117 118
760 773 985
835 872 1119
643 1119 872
242 601 603
441 912 911
2 57 53
728 791 777
19 703 702
191 1083 1082
151 309 927
779 789 1109
65 182 181
246 612 611
262 469 875
191 295 1100
409 504 1092
213 388 492
161 552 551
256 471 877
20 325 580
624 994 1136
733 772 958
187 1017 934
735 811 813
436 884 886
631 766 765
875 876 878
97 368 367
522 948 563
595 650 1001
25 130 1056
416 689 688
183 194 196
158 541 1067
541 543 1067
680 1088 1087
39 319 318
214 1051 255
136 456 1126
424 1092 1103
504 1103 1092
524 566 557
521 557 566
287 463 1041
733 805 772
734 750 816
226 883 889
432 436 1138
609 1033 610
526 717 718
83 124 665
626 994 993
626 993 996
7 72 76
145 363 1142
79 174 667
61 585 356
137 141 677
170 1024 795
579 580 584
728 799 793
249 889 888
249 881 839
66 126 134
456 457 1126
134 135 451
134 457 135
38 1102 112
121 454 131
121 131 450
515 569 529
733 806 805
740 1072 758
113 857 862
128 1048 129
406 950 478
160 1043 277
54 857 856
257 397 395
54 856 861
304 670 475
261 1031 1030
230 779 778
649 650 870
851 852 975
526 571 672
526 718 571
706 1005 1006
706 1006 717
717 1006 1007
425 531 506
425 506 1053
505 1103 1105
281 283 1070
36 1068 68
726 756 755
171 306 304
412 708 709
723 751 752
224 926 1117
9 701 495
607 647 629
787 1122 904
26 823 389
17 115 935
294 547 548
295 1101 1100
623 836 1086
598 617 622
617 1028 622
160 467 1012
422 697 1090
296 335 299
257 382 471
161 917 211
307 311 312
233 1121 1081
225 827 1146
217 956 786
250 1106 839
84 453 1139
15 313 311
15 351 429
191 1082 291
526 565 706
197 867 866
157 303 327
218 912 1123
722 758 755
722 801 758
40 935 85
48 712 715
441 892 891
441 891 909
721 751 746
544 545 981
606 644 636
150 834 211
730 959 960
284 865 866
409 1092 1091
424 1091 1092
298 540 539
223 1117 926
246 611 609
242 615 616
56 852 853
721 746 745
37 381 371
320 322 323
510 1075 965
197 866 285
738 763 765
599 1088 680
163 300 301
94 550 549
92 830 211
92 829 830
111 1062 112
126 953 134
128 458 919
184 919 458
66 451 452
143 810 921
264 746 1018
195 503 699
195 809 503
152 267 927
56 975 852
258 398 1064
337 538 539
121 447 448
419 964 965
625 916 1112
62 844 82
595 870 650
35 118 212
775 1077 1079
74 206 205
8 38 112
396 711 972
59 320 323
740 758 801
135 450 451
930 931 932
254 932 931
730 955 959
80 673 176
251 483 691
251 691 690
265 281 282
597 973 638
128 919 141
128 141 1048
753 754 806
564 948 949
598 622 1112
288 541 947
416 686 689
71 497 1039
481 1127 482
113 853 852
628 656 1137
295 328 1101
51 125 123
81 175 176
30 587 586
520 563 565
360 362 361
224 1140 926
133 920 925
736 814 1077
735 815 1125
281 1070 282
296 1101 334
132 182 925
641 651 642
34 118 1062
21 1102 38
104 820 818
607 629 654
642 872 973
743 762 769
417 709 708
225 1140 907
224 907 1140
157 286 279
71 90 220
259 480 1058
1003 1005 1004
226 885 883
164 271 549
235 1086 836
400 1046 479
238 819 824
42 486 487
44 941 435
850 967 966
35 202 203
221 1117 1011
241 818 819
380 382 461
136 1126 349
416 684 686
375 377 929
303 329 327
849 856 855
359 490 491
722 753 1125
5 1147 466
137 677 676
316 322 1120
229 955 787
748 778 780
129 1048 1047
494 701 497
512 693 692
411 692 693
286 327 328
232 500 1133
84 1139 178
737 750 1118
737 816 750
298 538 533
215 780 781
161 551 554
125 1063 127
290 300 1108
45 500 926
414 978 977
66 1115 127
118 119 1062
20 59 324
93 326 294
253 404 402
625 1000 916
215 769 1118
316 323 322
642 643 872
192 331 330
730 960 961
772 805 804
60 716 316
403 406 404
297 539 540
29 198 942
30 589 587
612 1022 1023
393 462 532
35 321 119
391 1145 588
504 915 709
1 1069 377
135 456 449
417 707 510
422 424 1032
386 426 1061
43 1098 871
41 76 72
378 387 383
0 10 27
298 947 540
600 1028 621
600 621 634
3 893 895
264 745 746
742 762 763
640 870 652
39 315 322
396 1065 711
421 1090 970
407 970 1090
161 211 834
46 894 900
21 27 1102
305 537 1116
191 1100 1083
284 867 543
50 188 446
191 292 295
191 291 292
287 981 545
265 1013 277
515 567 568
515 568 569
97 373 372
71 940 494
55 848 858
681 682 690
249 838 840
163 294 292
248 1069 385
640 652 651
850 966 934
107 145 468
215 750 780
240 822 824
97 372 370
11 144 953
444 591 592
541 542 543
104 426 386
177 178 663
50 180 188
789 905 908
48 710 711
340 342 341
51 489 126
254 713 482
507 531 530
595 1000 993
173 464 533
509 1075 1074
171 465 1085
725 768 767
173 465 463
80 175 174
230 788 779
497 498 1039
770 782 771
99 380 1080
760 985 987
20 577 59
305 476 475
64 837 386
160 280 1043
728 777 776
253 682 681
260 697 696
443 1135 1096
250 876 1106
422 1090 1091
98 379 372
39 314 315
732 957 958
734 811 752
246 659 612
853 1027 1026
783 802 1109
696 697 698
493 495 701
148 308 307
405 683 681
93 294 553
243 633 990
98 375 376
375 929 376
247 593 610
247 1021 593
593 633 660
5 466 467
427 1061 1060
739 800 1125
413 518 570
36 871 1098
749 782 781
680 994 995
151 268 278
28 941 939
164 301 270
377 1045 928
377 928 929
168 436 886
132 925 455
184 455 925
576 577 578
176 673 181
441 790 720
441 720 912
154 309 286
739 815 1025
417 962 709
336 338 869
521 559 558
521 558 556
404 406 1057
101 401 398
14 52 57
391 589 719
567 570 568
333 342 343
465 466 1147
44 938 939
3 890 891
726 1036 759
293 543 867
396 532 933
523 817 573
288 946 464
288 947 946
252 878 879
252 879 880
272 274 273
229 901 959
154 295 974
443 591 1135
83 88 122
724 808 807
234 608 1030
5 1148 1147
7 40 72
306 1085 534
173 534 1085
13 1142 146
417 964 962
414 696 698
733 958 1018
296 299 1083
441 909 790
737 812 816
333 343 668
1 378 383
168 886 887
137 1047 1048
41 664 666
516 519 527
43 938 1098
6 89 85
516 518 519
25 125 127
155 1130 283
70 498 87
60 354 355
26 1081 1121
42 87 486
756 761 807
222 914 895
849 855 854
199 586 587
199 590 586
22 110 109
480 1059 1058
631 775 1079
99 472 471
148 307 272
250 878 876
16 352 1142
102 374 373
424 1104 513
484 695 696
296 1083 1100
67 575 576
148 272 273
627 658 657
38 59 577
302 951 304
87 498 486
596 657 658
42 1037 87
152 310 831
129 452 131
771 772 804
6 115 68
64 992 1021
282 1070 1143
408 949 1052
234 1033 609
2 208 204
219 499 500
511 512 1042
9 495 496
65 181 673
435 1096 1095
420 1074 693
133 196 922
282 1041 1040
214 1035 1050
911 912 913
166 278 268
505 506 1104
217 784 787
171 304 951
599 997 998
148 346 308
517 571 572
630 648 639
639 648 641
511 1042 513
222 894 896
223 1011 1117
136 349 348
65 676 183
13 134 144
14 115 52
594 620 627
171 466 465
564 949 1004
564 1004 1005
62 863 846
132 455 454
12 366 488
11 488 366
287 1041 1143
224 1117 897
48 438 1107
262 1015 1014
811 812 813
133 925 182
105 585 584
257 471 470
282 1143 1041
407 697 1059
697 1127 1059
748 780 750
598 618 1076
147 348 350
437 882 883
159 330 331
167 550 312
195 699 678
809 873 810
195 873 809
74 209 207
783 784 786
218 901 913
103 383 387
32 938 937
132 181 182
524 1016 566
749 778 779
154 310 309
50 445 347
100 532 462
100 462 461
49 868 1120
243 620 633
163 1108 300
440 891 890
382 395 461
734 812 811
133 921 920
413 560 874
493 701 494
400 714 1064
450 452 451
190 327 329
198 586 590
333 668 344
157 280 302
14 110 115
7 76 53
593 660 659
344 669 476
3 892 893
376 928 472
425 530 531
764 983 984
27 574 116
136 348 445
94 312 550
164 549 548
440 890 885
845 846 851
788 910 826
216 788 826
760 987 794
151 927 267
408 718 717
604 645 646
113 855 857
323 716 324
44 914 902
45 1133 500
29 942 116
188 1139 453
223 926 499
744 767 766
96 368 370
239 261 825
2 185 208
142 920 921
759 796 988
305 670 535
749 780 778
49 1120 428
138 449 456
594 612 659
431 1020 1111
427 990 992
628 657 656
438 880 882
630 655 828
596 656 657
324 716 325
350 428 351
23 85 86
202 703 203
600 1114 1028
464 946 533
597 638 639
96 369 368
732 958 772
435 895 914
70 90 1039
162 548 549
331 343 342
147 347 348
93 553 552
226 231 827
724 754 808
193 477 1116
476 1116 477
634 637 842
64 1061 992
152 179 267
439 1131 1093
254 1124 932
13 1126 457
217 786 784
292 294 974
28 590 591
315 1120 322
525 572 718
2 200 57
78 82 844
776 777 1025
299 1066 1067
737 768 812
190 328 327
399 402 1057
64 386 1061
114 381 462
754 755 808
48 711 712
45 926 1140
0 116 871
81 705 91
504 709 962
262 423 469
558 559 567
504 1105 1103
77 845 851
1 375 378
394 971 972
347 445 348
607 654 653
785 905 903
232 501 500
237 1035 1034
164 547 301
227 899 903
97 358 459
636 644 647
32 220 69
203 555 321
734 816 812
630 654 655
94 307 312
463 465 1148
120 311 313
578 579 581
21 38 577
310 833 831
725 814 813
94 271 272
246 593 659
32 1068 1098
993 1000 996
757 983 982
186 205 208
213 492 501
31 667 174
67 581 582
394 1020 971
154 974 326
44 902 221
75 832 830
139 943 679
678 679 943
484 686 694
216 789 1054
216 906 789
156 476 669
45 1146 1133
70 1039 498
741 795 797
744 1077 814
613 614 615
146 1142 352
288 464 545
217 787 955
411 687 688
136 138 456
254 482 1124
760 774 773
96 390 392
206 207 917
253 1014 682
818 820 819
240 819 820
226 889 255
226 255 231
505 516 1053
214 245 1035
214 841 245
739 777 800
232 1133 1051
405 690 691
435 941 443
510 707 693
510 693 1074
307 308 311
630 653 654
743 803 761
725 812 768
601 1129 602
171 951 952
728 793 791
333 341 342
4 491 365
243 991 615
374 378 375
81 663 705
786 956 1049
663 829 705
640 641 648
305 1116 476
253 423 1014
901 960 959
73 205 702
187 863 210
55 851 846
156 669 303
403 404 683
51 126 125
755 756 808
95 1113 583
30 582 583
262 878 1015
75 178 1089
71 494 497
735 752 811
441 911 892
81 176 177
121 448 454
16 1142 363
635 843 842
436 1107 438
436 438 884
171 952 466
48 715 438
403 684 685
236 614 613
251 1124 483
44 221 1011
241 1060 426
244 603 602
616 989 632
15 429 314
627 657 628
149 361 365
107 362 363
102 373 459
233 1050 1035
759 988 1044
247 841 840
733 1018 806
18 928 1045
162 551 552
22 68 110
362 1010 363
442 911 913
88 1038 1037
419 965 514
298 533 946
316 1120 868
741 794 795
231 1146 827
155 275 289
