2294
885 887 890 1421
481 918 482 1395
160 1480 467 1013
729 961 731 1283
178 180 1009 1139
178 180 1009 1139
842 635 637 1430
638 639 653 1355
736 1025 776 1297
564 717 706 1005
519 517 561 1293
1127 482 260 1395
455 458 184 1230
738 763 742 1460
679 139 1055 1292
536 172 535 1427
388 387 103 1448
272 94 307 1236
564 565 706 1382
239 261 1031 1302
412 915 709 1240
534 538 533 1372
615 613 242 1209
542 544 288 1343
495 496 502 1338
822 1078 239 26
822 1078 239 26
1036 797 976 1414
691 694 483 1422
879 169 888 1345
836 1119 235 835
836 1119 235 835
703 73 202 1438
150 830 211 1335
1099 685 403 1483
1040 265 467 1254
950 478 421 1215
376 928 929 1246
889 169 883 1432
453 454 132 1200
275 165 269 1265
821 240 822 1401
544 542 864 1343
580 105 325 1296
427 990 991 1342
793 798 792 741
793 798 792 741
83 124 122 1385
1081 233 1141 1367
841 840 214 1370
1009 273 180 1470
100 933 395 1337
213 389 1081 1245
338 331 340 159
338 331 340 159
779 749 1109 1333
900 442 894 1384
305 537 535 1427
423 402 253 1269
1090 1091 421 1453
215 770 781 1437
967 966 848 1321
652 595 870 1231
1031 1034 237 1408
665 664 666 1385
800 791 777 1316
938 223 937 1011
938 223 937 1011
486 487 12 1338
618 243 620 1235
920 919 142 1290
558 567 556 515
558 567 556 515
783 228 1109 1333
748 230 747 1198
652 624 994 1231
1033 610 245 1364
557 524 573 1374
1082 1084 293 1397
158 541 540 1487
369 585 584 1360
361 360 149 1225
62 845 846 1379
375 374 98 1352
401 1064 1046 1464
554 161 917 1261
492 491 359 1361
269 270 153 1238
994 993 652 1231
703 702 73 1220
942 116 43 1396
270 271 153 1238
463 1041 1148 1294
258 1065 711 1391
857 54 969 1134
857 54 969 1134
249 881 888 1345
876 256 875 1389
124 123 122 1208
411 707 693 1424
516 425 527 1286
553 162 548 1393
897 221 1117 1258
798 976 797 741
798 976 797 741
632 238 989 1325
650 916 619 1417
683 681 404 1270
46 897 898 1181
1056 665 79 124
1056 665 79 124
238 1129 825 1325
991 616 427 1260
361 365 364 1309
589 587 588 1442
431 1020 1019 1392
279 309 286 151
279 309 286 151
1114 623 836 1467
764 765 1128 1247
691 686 694 1422
894 896 46 1181
838 837 248 1370
106 355 356 1313
466 467 1012 1254
948 563 565 1382
644 647 546 1433
598 618 979 1462
1020 432 394 1222
175 31 91 1299
608 244 611 1301
2 185 53 1331
1138 1093 168 1387
957 264 731 1283
186 205 74 1331
55 848 846 966
55 848 846 966
605 244 604 1235
213 1081 1141 1245
772 732 1049 1454
434 1093 1094 1420
995 599 997 1319
163 294 547 1393
1077 1079 744 1458
1033 1034 234 1408
301 269 270 165
301 269 270 165
684 686 405 1422
69 89 90 1339
55 854 858 1390
692 978 688 411
1022 1137 628 1455
1062 112 8 1344
1112 598 916 1282
723 753 752 1177
160 952 1012 1221
1073 967 847 848
1073 967 847 848
860 968 856 861
710 711 972 1347
1132 536 339 1427
530 528 425 1286
951 952 280 1323
789 1054 779 1373
668 669 192 1315
65 676 675 1230
996 626 997 1319
154 310 326 1371
552 93 834 1410
274 153 271 1238
724 803 807 1452
341 193 473 936
341 193 473 936
986 987 170 1414
78 667 41 1213
201 200 58 1306
337 345 869 1314
775 1077 736 1297
531 506 508 1255
356 355 105 1404
547 301 163 1188
918 1058 259 1204
501 500 219 1250
566 1016 563 522
566 1016 563 522
761 762 727 1476
837 386 248 1175
887 168 439 1387
589 392 390 719
589 392 390 719
177 178 84 1206
832 152 179 1469
363 107 145 1330
53 7 52 1300
1067 1083 299 293
1067 1083 299 293
47 1135 1096 1275
566 562 563 1374
836 600 1114 1467
888 881 879 1345
502 12 366 1338
393 430 532 1191
967 1073 858 848
1111 1110 433 1349
954 957 731 1283
766 1079 631 1458
201 73 204 1306
481 1059 1058 1395
589 588 391 1442
143 810 809 1292
727 765 764 1247
23 1002 88 1288
901 960 218 1440
603 242 613 1209
311 15 308 1429
956 732 957 1406
1110 431 444 1192
648 640 828 1346
635 872 973 1430
330 190 334 1267
819 989 238 1325
69 90 220 1435
274 271 272 1180
83 1002 664 1213
94 271 549 1180
296 335 334 1465
435 44 914 1275
673 674 80 1362
692 512 485 978
692 512 485 978
398 1064 401 1257
329 330 192 1267
67 578 576 1234
1110 47 444 1135
1110 47 444 1135
111 22 33 1407
1336 590 942 198
800 1125 722 1434
305 670 475 1218
850 968 969 1390
950 421 410 1453
775 774 631 1458
196 922 923 143
196 922 923 143
945 1361 358 490
6 935 85 1207
1361 945 358 367
864 266 544 1343
1093 1138 433 1387
1027 853 187 1017
1027 853 187 1017
873 810 139 1292
313 120 317 1351
1030 261 602 1301
288 541 542 1291
896 221 897 1258
478 970 421 407
229 903 904 1281
596 654 656 655
596 654 656 655
18 928 472 1376
877 1106 18 1376
354 1010 16 1472
962 963 964 1255
401 402 101 423
401 402 101 423
663 829 75 1253
1097 127 130 1324
630 648 828 1346
52 57 53 1300
821 823 384 1211
31 667 78 1273
906 227 907 1187
695 696 260 1318
1058 918 481 1395
827 226 826 1262
1062 34 111 1344
584 105 580 1234
591 1135 444 1357
652 993 595 1231
675 676 137 1230
661 179 267 1469
1056 25 124 1208
953 489 126 1431
976 726 1036 1414
192 343 668 1405
1043 279 280 1221
916 1001 1000 1400
1070 266 283 1334
582 583 581 1360
620 633 660 1413
449 135 450 1322
699 678 140 1292
483 694 695 1422
612 605 1023 1235
637 607 636 1368
661 153 274 1238
338 345 332 1185
862 850 934 969
862 850 934 969
368 369 1328 61
267 268 662 1394
788 1054 216 1187
832 831 152 1469
541 947 540 1487
57 14 108 1271
557 521 559 556
395 461 100 1337
875 256 469 1298
533 173 534 1372
88 86 23 1288
257 382 395 1158
710 972 394 1347
494 499 940 1224
241 989 819 1325
792 793 740 1072
96 390 371 1171
1185 474 1116 537
793 794 799 1316
507 531 509 1419
1009 1089 1008 1468
67 198 582 1308
658 596 650 1417
1107 48 710 1197
437 887 885 1421
900 899 229 1281
760 774 799 1186
477 936 193 1405
491 492 493 1475
479 478 399 1348
620 660 594 1235
429 428 351 1252
882 438 884 1199
765 1458 738 766
447 446 138 1322
805 754 806 1398
555 312 167 1375
1071 339 474 1185
279 157 280 1323
162 551 550 1478
24 1019 430 1392
164 547 548 1393
406 399 478 1348
727 764 983 1247
1019 1020 430 1392
506 1053 505 1255
590 591 199 1227
765 631 1128 1458
519 874 518 1286
687 708 411 1424
666 79 665 1385
673 675 674 1230
113 855 854 1321
891 909 440 1268
199 592 588 1227
405 686 691 1422
687 412 708 1378
248 1069 377 1259
314 428 315 429
314 428 315 429
460 387 359 1332
569 507 514 1419
215 750 1118 1307
22 34 109 1407
3 1131 895 1310
680 994 1136 1319
239 822 824 1302
1066 540 297 1248
1132 345 337 1427
0 10 33 1277
45 1146 1140 1311
142 810 921 1292
1113 583 392 30
1113 583 392 30
854 849 858 1390
475 304 156 1463
581 578 67 1234
634 636 606 1433
594 660 659 1413
1 375 377 1352
681 253 404 1354
492 359 388 1332
84 453 181 1243
177 84 181 1243
814 813 815 1312
844 845 62 1241
366 364 365 1409
180 273 700 1470
419 963 518 1255
1050 1051 232 1245
384 383 385 1175
1123 218 961 1276
258 397 1065 1391
229 904 787 1359
134 144 953 1386
123 51 487 1388
1145 393 1144 1287
58 200 108 1306
1057 399 406 1348
1137 647 629 1278
275 300 289 165
275 300 289 165
36 22 68 1341
403 950 406 410
403 950 406 410
552 162 553 1478
41 664 189 1213
188 1139 180 1243
1027 210 187 1241
444 24 1019 592
444 24 1019 592
324 323 59 1471
293 1084 867 1214
1441 602 1129 261
336 338 159 1314
727 756 761 1476
734 751 752 1307
525 1052 408 1382
802 782 783 1333
562 520 563 1374
700 346 50 1449
424 1104 1103 1240
637 636 634 1368
357 945 149 1474
729 264 745 1283
678 873 943 139
166 269 268 1451
762 763 727 1476
298 538 539 1372
1053 425 516 1286
751 750 721 1307
1088 1087 623 1319
771 263 782 1437
138 449 447 1322
1046 1064 400 1464
379 1080 98 1425
723 1018 806 1217
865 285 1130 1233
16 1010 363 1472
1043 278 279 1399
1435 1098 1068 36
212 58 117 1402
1123 961 729 1418
385 104 384 1175
606 645 646 1433
383 384 103 1175
753 1125 735 1377
223 938 937 940
241 616 989 1260
605 612 611 1235
1132 339 345 1427
650 619 658 1417
1026 185 186 1241
177 81 663 1206
37 380 379 1425
883 169 882 1432
111 10 112 1277
145 468 144 1489
148 346 700 1449
466 1012 952 1221
1000 996 625 1231
1129 261 825 1325
771 772 263 1454
1099 409 410 915
1099 409 410 915
899 46 898 1187
1138 1111 433 1387
70 90 89 1339
207 92 704 1353
1060 616 241 1260
412 1099 915 1232
714 259 480 1464
439 168 1093 1387
815 1125 739 1434
574 116 29 1210
796 1036 759 1414
21 575 576 1329
614 618 1076 1462
227 905 903 1281
766 744 1079 1458
128 458 131 1230
907 898 224 1415
1118 742 769 1403
936 477 333 1405
1119 1087 643 1467
525 572 524 1374
341 340 332 1185
453 448 454 1200
832 830 831 1469
194 63 923 196
194 63 923 196
127 25 130 1324
924 194 63 923
672 565 520 1374
96 371 370 1358
678 195 944 873
678 195 944 873
853 56 1026 1379
415 1105 516 1255
720 729 745 1418
1144 462 114 1287
1055 139 810 1292
392 30 589 1244
627 980 620 1176
883 437 885 1432
486 496 9 1338
314 317 318 1252
850 967 968 1390
522 1016 525 1052
522 1016 525 1052
574 575 21 1329
610 841 245 1364
13 145 144 1193
293 543 1067 1214
101 470 671 469
101 470 671 469
689 686 1318 484
173 464 463 1201
85 40 23 1207
1096 443 435 1275
796 797 1036 1414
452 1115 129 1362
398 101 671 1257
524 1016 525 1374
21 576 577 1329
1007 1004 1029 1003
1007 1004 1029 1003
879 881 250 1345
789 228 908 1373
192 303 329 1315
482 918 713 1204
372 98 373 1425
867 866 284 1214
997 626 995 1319
168 436 1138 1387
234 1034 1031 1408
634 606 621 1433
876 877 256 1285
630 653 639 1355
721 750 748 1437
826 885 440 226
826 885 440 226
736 814 815 1297
42 122 123 1208
284 864 542 1343
129 128 131 1230
208 186 185 1241
347 346 147 1369
784 228 783 1333
264 957 958 1283
593 633 992 1413
571 561 517 1374
224 898 897 1181
147 351 350 1205
204 200 201 1306
311 312 120 1429
571 672 561 1374
720 230 790 1418
536 474 339 1185
275 276 155 1233
619 916 979 1417
113 854 852 1321
713 714 259 712
713 714 259 712
410 1099 403 1483
91 81 175 1486
109 117 108 1271
893 911 892 1384
117 118 212 1402
831 830 150 1469
908 785 905 1281
106 1010 354 1472
344 669 668 1315
818 104 426 1284
140 183 194 1292
781 770 782 1437
918 259 713 1204
590 1336 942 28
249 889 255 1345
8 38 319 1344
1087 1136 643 1467
325 324 20 1296
1072 976 758 798
1072 976 758 798
554 555 167 1375
973 642 597 1430
998 1112 625 999
998 1112 625 999
12 496 486 1338
182 133 183 1290
633 990 992 1209
222 893 895 1310
355 325 105 1296
662 268 269 1394
570 518 1419 419
502 365 4 1338
958 1018 264 1454
535 537 536 1427
410 421 409 1453
424 1032 513 1232
225 216 907 1415
674 1115 1097 1362
111 34 22 1407
53 185 77 1331
1013 277 160 1480
842 634 600 1430
1009 1008 273 1468
611 609 608 1301
907 227 898 1415
150 833 831 1469
682 690 251 1354
779 1054 788 1373
460 102 387 1332
119 35 118 1402
1111 431 1110 1349
948 565 564 1382
495 502 4 1338
503 699 194 1292
377 1045 248 1259
107 364 468 1409
75 829 830 1335
516 1105 505 1255
768 738 742 1460
687 416 685 1378
250 881 839 1345
292 1108 291 1305
859 849 847 1073
82 31 78 1457
703 203 19 1220
477 344 333 1405
434 1095 895 1420
717 706 526 1382
149 945 491 1225
656 1137 629 1278
266 1143 981 1334
667 79 666 1385
238 825 824 1325
120 312 555 1375
316 323 716 1471
180 700 50 1243
252 682 930 1015
252 682 930 1015
766 738 767 1219
251 932 930 1354
800 801 740 1316
727 763 765 1247
1088 623 999 1319
1124 932 251 1354
849 859 847 860
849 859 847 860
203 35 321 1438
661 1008 179 1468
56 77 975 185
56 77 975 185
689 484 977 485
689 484 977 485
219 499 494 1224
712 715 713 1257
66 451 134 1365
723 806 753 1398
239 824 825 1302
511 420 508 1320
597 642 641 1355
604 645 605 1235
74 1027 186 1241
1089 832 179 1468
274 273 1008 1468
1101 1100 296 1465
88 1038 86 1288
789 905 906 1281
1109 749 802 1333
263 1049 786 1333
120 555 321 1461
277 166 278 1399
956 1406 1049 732
588 587 199 1366
769 742 762 1403
854 55 852 1321
420 512 693 1424
204 2 200 1194
425 528 527 1286
463 545 287 1294
1063 1365 127 66
821 384 820 1401
890 1131 3 1229
209 704 91 1456
828 640 649 1346
17 40 935 1300
826 440 910 1268
192 669 303 1315
405 683 684 1422
544 266 981 1343
904 903 785 1281
61 367 357 1328
983 984 757 1264
776 775 736 1297
542 543 284 1343
978 1042 414 1378
601 632 242 1441
403 684 683 1422
80 674 1097 1411
942 939 938 43
942 939 938 43
207 917 211 1261
438 1439 254 715
67 575 198 1308
239 1031 1078 1302
325 60 716 1471
123 487 42 1388
301 165 300 1188
1059 479 970 480
1059 479 970 480
820 384 104 1401
131 455 454 1230
65 675 673 1230
263 786 783 1333
400 714 480 1464
614 243 618 1235
267 151 268 1394
863 846 966 1321
1080 99 376 1246
289 285 290 1265
488 489 11 1228
649 596 655 1346
992 427 1061 1342
106 360 362 1309
197 291 290 1214
979 916 598 1462
620 980 618 1462
465 1085 173 1201
277 278 1043 1480
690 681 405 1422
72 189 40 1213
459 97 373 1196
280 952 160 1221
939 28 942 1280
797 1024 795 1414
252 438 931 880
252 438 931 880
89 86 70 1339
117 58 108 1306
212 35 202 1438
218 960 961 1440
642 643 1136 1263
337 297 336 869
337 297 336 869
289 1130 285 1233
119 317 321 1226
393 1145 430 1191
350 428 49 1447
1008 1089 179 1468
570 568 514 1419
11 489 953 1228
297 335 299 1248
666 41 667 1213
866 285 865 1233
978 692 688 485
1145 1144 391 1442
293 1083 1082 1397
482 1124 483 1270
1107 432 710 436
1107 432 710 436
15 313 314 1252
103 384 823 1175
925 184 920 1290
388 389 213 1245
190 328 1101 1465
132 181 453 1200
803 724 804 1398
863 966 934 1321
676 140 677 1292
424 1091 422 1232
103 389 388 1448
225 1140 1146 1311
939 44 941 1280
912 1123 720 1276
588 592 24 1304
646 236 621 1176
194 924 143 923
142 1055 810 1292
92 705 704 1353
344 477 476 1405
901 442 900 1276
32 1068 69 1435
937 32 220 1435
206 207 74 1456
19 555 554 1261
988 1024 796 1414
75 832 1089 1468
720 747 230 1418
886 887 437 1432
474 473 1071 1185
1104 513 418 1240
369 61 585 1360
651 642 624 1263
621 606 646 1433
560 562 559 1293
521 559 562 1293
523 817 528 1293
594 612 1022 1455
605 645 1023 1455
358 460 490 1361
483 260 482 1270
334 335 336 1267
735 752 753 1377
248 386 385 1175
894 442 893 1384
484 695 694 1422
42 1037 122 1288
1019 444 431 1392
469 256 470 1298
919 141 1055 1290
687 688 416 1378
490 491 945 1361
724 805 804 1398
955 954 730 1440
205 208 204 1331
1071 473 332 1185
115 52 17 1300
517 573 572 1374
217 954 955 1406
1441 601 238 1129
8 119 318 319
8 119 318 319
721 747 745 1198
108 14 109 1271
798 793 792 1072
934 113 862 1017
934 113 862 1017
364 107 361 1309
376 99 472 1246
696 977 414 1378
672 526 565 1382
354 353 60 1279
352 146 349 1428
51 489 488 1431
430 1145 24 1392
1045 838 248 1259
739 777 1025 1297
33 10 111 1173
1000 1001 595 1400
1038 1037 87 1212
262 878 875 1251
611 244 605 1235
964 965 510 1320
15 351 308 1429
154 295 328 1256
318 39 314 1252
1005 717 1007 408
1004 408 1007 1029
408 1004 949 1029
408 1004 949 1029
516 518 415 1255
625 996 998 1319
838 247 837 840
838 247 837 840
494 493 219 1224
163 1108 292 1265
913 442 901 1276
68 69 1068 1341
252 878 1015 1439
158 540 1066 1487
973 638 637 1355
552 834 161 1410
1359 228 1122 784
292 295 974 1256
912 913 218 1276
509 508 420 1320
29 575 574 1308
839 249 838 1045
839 249 838 1045
366 11 364 1409
557 573 523 1293
517 527 817 1293
194 699 140 1292
70 86 87 1212
877 18 472 1376
778 230 748 1198
390 1144 391 719
396 933 397 1065
396 933 397 1065
366 365 502 1338
282 265 1040 1459
906 905 227 1281
1119 1086 235 1087
1119 1086 235 1087
498 9 497 1223
357 367 945 1328
1035 1034 245 1485
209 91 82 1457
427 616 1060 1260
283 266 865 1334
1022 1023 546 1455
75 178 663 1253
1013 467 265 1254
783 782 263 1333
255 231 1051 1195
205 204 73 1194
115 935 6 1207
141 1048 137 1290
740 791 800 1316
77 975 851 1379
326 310 833 1371
946 298 947 1487
898 227 899 1187
484 977 696 1318
899 900 46 1187
297 336 335 1267
428 315 1120 1447
650 596 649 1346
835 843 836 1467
697 698 422 1215
833 93 326 1371
109 34 117 1407
675 137 1047 1230
619 980 627 1462
266 864 865 1343
354 16 353 1472
649 655 828 1346
408 718 525 1382
1059 407 970 1395
999 599 1088 1319
183 133 196 1292
450 452 131 1362
661 267 662 1238
155 276 281 1233
662 153 661 1238
243 614 615 1209
241 818 426 1284
815 813 735 1312
96 1113 392 1244
485 978 977 1378
105 585 356 1404
992 1021 593 1342
724 754 805 1398
483 695 260 1422
192 331 343 1405
529 528 530 1286
800 722 801 1434
602 244 608 1301
157 303 302 1466
774 631 1128 773
774 631 1128 773
1035 1121 237 1485
53 78 844 76
534 670 306 535
534 670 306 535
365 149 491 1225
205 702 206 1220
41 76 78 1300
622 999 1114 1381
125 123 25 1324
603 604 244 1209
844 77 76 845
844 77 76 845
771 803 804 1217
440 909 910 1268
743 803 771 1452
399 1046 479 1204
242 632 616 1260
1137 546 647 1433
433 1110 1094 1349
1095 47 1096 1420
52 7 17 1300
895 1095 435 1420
879 250 878 1389
834 93 833 1410
600 843 842 1467
814 744 767 1219
726 756 759 1264
509 420 1074 1320
119 1062 8 1226
396 532 971 1337
909 790 910 1187
554 167 551 1236
602 601 603 1301
622 1112 999 1231
171 306 1085 1201
1005 1007 1006 1003
1005 1007 1006 1003
228 1359 1122 908
609 234 608 1301
1146 1133 231 1242
985 984 773 1264
60 325 355 1296
759 1044 986 757
759 1044 986 757
136 138 445 1295
750 751 734 1307
236 614 617 1176
415 963 962 1255
598 617 1076 1462
138 446 445 1295
10 27 1102 1277
106 357 356 360
106 357 356 360
654 656 629 1368
697 1090 407 1215
622 1114 1028 1381
807 756 808 1476
762 761 743 1452
997 998 996 1319
922 133 921 1292
924 503 143 809
924 503 143 809
308 351 147 1205
381 380 37 1184
637 635 973 1430
110 109 14 1272
662 269 153 1394
210 62 863 1241
457 135 456 1444
332 340 338 1185
755 726 758 1316
537 474 536 1185
26 821 823 822
26 821 823 822
499 500 926 1479
817 573 517 1293
1439 438 254 931
742 1118 768 1460
33 22 36 1341
852 55 851 1379
995 680 599 1319
463 464 545 1294
707 411 708 1424
560 519 874 561
560 519 874 561
569 530 507 1419
88 1002 83 1288
206 702 19 1220
114 371 390 1287
33 0 36 871
33 0 36 871
840 249 255 1266
957 954 956 1406
963 419 964 1255
720 1123 729 1418
19 203 555 1220
1020 1111 432 1222
531 508 509 1255
1066 297 299 1248
329 190 330 1267
276 166 277 1480
636 607 647 1368
4 493 495 1289
314 313 317 1252
284 865 864 1343
201 58 212 1306
793 792 740 791
793 792 740 791
83 664 665 1385
862 857 969 1134
862 857 969 1134
1122 904 785 1359
872 843 635 835
872 843 635 835
790 230 788 1373
698 1032 422 1232
486 9 498 1223
176 177 181 1200
256 471 470 1298
895 1131 434 1420
164 271 270 1238
577 578 20 1296
214 1051 1050 1266
149 360 357 1474
381 461 380 1356
255 214 840 1266
614 1076 617 1462
999 623 1114 1319
474 1185 1116 193
418 513 511 1240
432 710 394 1222
534 535 172 1427
1131 1093 434 1420
745 747 720 1418
569 529 530 1419
556 523 529 1293
968 967 847 1390
888 169 889 1345
1070 1143 266 1334
591 592 199 1357
232 1141 1050 1245
907 216 906 1415
586 582 198 1366
23 189 1002 1213
774 728 799 1186
1128 984 764 773
1128 984 764 773
983 982 727 1247
176 80 175 1412
532 933 100 1337
210 82 62 1241
601 1441 238 632
3 892 891 1268
442 911 893 1384
37 379 372 1358
304 302 156 1463
873 678 943 944
873 678 943 944
413 560 559 1293
567 413 559 1293
519 527 517 1293
794 170 987 1414
174 130 79 1385
364 11 468 1409
746 1018 723 1217
426 1061 1060 1284
570 514 419 1419
389 103 823 1367
386 104 385 1175
546 645 644 1433
859 849 1073 858
859 849 1073 858
106 354 355 1313
86 1038 87 1212
488 487 51 1388
619 627 658 1417
413 567 570 1286
795 170 794 1414
521 562 566 1374
896 902 221 1258
233 1121 1035 1367
796 1024 797 1414
502 496 12 1338
921 143 922 1292
698 513 1032 1232
430 1020 971 1392
917 206 19 1261
652 651 624 1231
122 1037 88 1288
574 21 27 1329
1087 680 1136 1319
322 39 320 1327
1015 1014 682 1439
1094 1093 433 1274
1059 481 1127 1395
644 645 606 1433
385 383 1 1259
200 57 108 1306
362 1010 106 1472
754 755 722 1377
507 509 514 1419
971 532 430 1337
479 970 478 1348
937 220 71 1435
294 974 326 1188
728 774 776 1297
274 1008 661 1468
757 985 986 987
757 985 986 987
225 827 216 1415
890 439 1131 1229
714 1064 258 1257
534 172 538 1427
877 472 471 1285
638 607 637 1355
415 518 963 1255
641 639 597 1355
193 473 474 1185
328 286 154 1256
971 972 396 1337
245 1034 1033 1408
4 491 493 1225
1141 501 213 1245
684 685 416 1318
754 722 753 1377
332 345 1071 1185
879 880 169 1199
697 1127 260 1215
186 1027 1026 1241
559 556 523 557
876 1106 877 1376
119 318 317 1226
674 129 1047 1115
674 129 1047 1115
349 350 49 1326
47 1094 1110 1349
211 92 207 1353
124 25 123 1208
621 236 617 1176
991 615 616 1260
757 984 985 1264
529 556 567 515
50 346 347 1369
71 940 937 1435
144 468 11 1409
548 294 553 1393
813 725 812 1312
771 770 743 1217
561 672 520 1374
768 767 738 1460
1022 628 594 1455
731 264 729 1283
512 420 511 1424
350 349 348 1216
594 628 627 1455
65 182 183 1290
1080 376 98 1425
69 68 6 1341
1078 1121 1485 237
423 1014 262 1439
445 446 50 1295
1045 18 839 1106
1045 18 839 1106
147 346 308 1369
938 1011 44 1280
551 167 550 1478
837 247 1021 1364
54 968 969 861
54 968 969 861
475 156 476 1315
396 397 933 395
794 760 799 1264
402 1046 401 399
402 1046 401 399
202 73 201 1438
748 747 721 1198
645 546 1023 1455
968 860 847 861
968 860 847 861
449 121 447 1322
450 121 449 1322
504 915 409 1240
613 236 604 1235
568 569 514 1419
316 60 353 1279
188 446 447 1243
549 162 550 1478
1082 291 1084 1305
321 317 120 1461
49 352 349 1326
884 886 437 1432
82 210 209 74
82 210 209 74
843 600 836 1467
770 769 743 1403
462 461 381 1356
131 458 455 1230
1039 71 90 1339
1101 334 190 1465
385 1 1069 1259
380 382 99 1356
1028 621 617 1176
349 146 1126 1216
485 689 688 1378
1040 467 5 1459
297 539 337 1314
166 276 275 1451
174 31 175 1299
646 604 236 1235
951 280 302 1323
166 275 269 1451
223 940 499 1303
222 894 893 1181
97 368 370 1358
46 896 897 1181
920 184 919 1290
38 59 320 1237
731 961 730 1283
979 618 980 1462
1009 178 1089 1253
578 580 579 20
578 580 579 20
369 1113 96 1244
583 95 581 1360
1099 687 685 1378
1055 679 677 141
1055 679 677 141
545 288 544 1291
140 679 678 677
140 679 678 677
705 91 704 1353
460 358 459 1196
899 903 229 1281
1122 784 787 1359
229 955 959 1359
188 448 453 1243
387 102 378 1332
170 1044 988 986
170 1044 988 986
775 776 774 1297
829 705 92 1353
277 265 276 1480
207 704 209 1456
287 981 1143 1459
948 1052 949 522
948 1052 949 522
414 1042 513 1232
941 443 28 1357
759 756 982 1264
982 757 759 1264
727 982 756 1247
682 251 930 1354
488 12 487 1338
931 252 930 1439
626 994 995 1319
374 373 98 1352
979 980 619 1462
409 421 1091 1453
126 125 1063 1431
389 26 1081 1367
934 187 863 1321
584 369 95 1113
584 369 95 1113
302 303 156 1463
10 1102 112 1277
820 240 821 1401
24 1145 588 1304
159 330 334 1267
263 772 1049 1198
127 1097 1115 1324
254 713 715 1269
510 1075 1074 1320
723 751 746 1217
1041 1040 5 1459
390 1144 719 114
390 1144 719 114
332 473 341 1185
571 572 718 1374
66 126 1063 1431
169 880 882 1199
341 936 333 1405
201 212 202 1438
978 512 1042 1424
412 687 1099 1378
730 954 731 1283
914 902 222 1310
651 640 641 1346
378 102 374 1332
337 538 1132 172
337 538 1132 172
68 110 115 1341
82 91 31 1457
232 501 1141 1245
1051 231 1133 1195
216 827 826 1415
700 273 148 1470
870 649 640 1346
381 371 114 1287
1144 393 462 1287
902 896 222 1310
41 189 72 1213
447 448 188 1243
608 1030 602 1301
379 380 1080 1425
327 157 286 1340
623 1087 1086 1467
258 398 397 1391
283 865 1130 1233
215 769 770 1403
28 443 591 1357
1148 1041 5 1294
334 336 159 1267
1098 32 938 1202
471 99 382 1285
460 459 102 1332
1126 146 13 1436
1132 172 536 1427
300 289 290 1265
480 479 400 1464
528 817 527 1293
529 523 528 1293
1095 1094 47 1420
849 856 860 1390
707 708 417 1424
418 511 508 1380
711 712 714 1257
397 671 257 1391
116 871 43 1363
40 189 23 1213
497 9 701 1223
77 53 844 76
170 1024 988 1414
229 901 900 1281
833 150 834 1410
999 998 599 1319
910 790 788 1187
140 676 183 1292
767 725 814 1312
30 582 586 1366
802 749 782 1333
189 664 1002 1213
417 964 510 1320
741 794 793 1316
785 908 1122 1359
670 306 304 1218
0 116 27 1277
142 919 1055 1290
824 240 819 1325
469 101 423 1257
1147 465 1148 1294
197 1084 291 1214
815 1025 736 1297
573 524 572 1374
198 575 29 1308
490 460 359 1361
1031 1030 234 1408
749 780 781 1437
340 342 331 1405
1118 737 768 1460
1233 155 283 281
674 675 1047 1230
367 61 368 1328
1026 56 185 1241
155 1130 289 1233
319 38 320 1237
1084 197 867 1214
16 352 353 1428
243 991 990 1209
246 610 609 1209
19 554 917 1261
353 868 316 1279
339 1071 345 1185
954 217 956 1406
653 607 638 1355
49 868 352 1326
158 1066 1067 1397
890 887 439 1421
418 506 1104 1380
613 604 603 1209
13 134 457 1444
518 874 413 1286
404 402 1057 1204
276 265 281 1233
1108 290 291 1265
107 362 361 1309
357 356 61 1404
501 219 492 1250
1078 1121 26 1302
64 837 1021 1284
174 1097 80 130
174 1097 80 130
452 66 1115 1365
593 610 246 1209
398 671 397 1391
257 671 470 1391
1142 145 13 1436
17 7 40 1300
561 560 562 520
561 560 562 520
372 37 371 370
372 37 371 370
1104 505 1103 1380
1031 237 1078 1408
113 853 1017 1321
86 89 85 1339
353 352 868 1428
962 415 1105 504
962 415 1105 504
285 197 290 1214
714 258 711 1257
418 508 506 1380
414 513 698 1232
320 39 319 1383
367 97 358 1196
194 924 63 503
194 924 63 503
310 927 309 152
310 927 309 152
726 976 758 1316
278 151 279 1399
210 1027 74 1241
1001 916 650 1400
437 882 884 1432
95 579 581 1360
584 579 95 1360
857 856 855 1390
1136 624 642 1263
388 359 387 1332
432 1111 1138 1387
869 345 338 1314
789 1109 228 1373
803 761 807 1452
79 130 1056 1385
6 89 69 1339
1141 233 1050 1245
1022 546 1137 1455
247 841 610 1364
492 219 493 1475
509 514 965 1075
509 514 965 1075
1095 434 1094 1420
34 118 117 1423
760 985 773 1264
835 643 1119 872
835 643 1119 872
601 242 603 1441
911 912 441 1276
53 57 2 1331
777 791 728 1316
703 19 702 1220
1082 1083 191 1397
927 309 151 1394
779 1109 789 1373
181 182 65 1230
612 246 611 1413
469 262 875 1251
295 191 1100 1190
409 1092 504 1240
388 213 492 1245
552 161 551 1236
256 877 471 1285
325 20 580 1296
1136 994 624 1319
772 733 958 1454
1017 187 934 1321
813 811 735 1312
884 436 886 1432
765 766 631 1458
875 878 876 1389
367 368 97 1358
522 563 948 1382
650 595 1001 1400
1056 130 25 1324
688 689 416 1378
196 194 183 1292
158 541 543 1067
158 541 543 1067
680 1087 1088 1319
39 318 319 1383
1051 214 255 1266
136 1126 456 1295
1103 424 504 1092
1103 424 504 1092
524 521 557 566
524 521 557 566
287 1041 463 1294
772 805 733 1454
750 734 816 1307
889 883 226 1249
1138 436 432 1387
609 610 1033 1408
717 526 718 1382
665 124 83 1385
994 996 626 993
994 996 626 993
72 7 76 1300
145 1142 363 1330
667 174 79 1385
356 585 61 1404
141 137 677 1290
795 1024 170 1414
580 579 584 1234
799 728 793 1316
888 889 249 1345
839 881 249 1345
134 126 66 1431
456 1126 457 1295
451 135 134 457
451 135 134 457
112 1102 38 1237
454 450 121 131
454 450 121 131
567 569 529 515
806 733 805 1217
1072 976 740 758
862 857 113 1390
1048 128 129 1230
950 406 478 1348
277 1043 160 1480
857 968 54 856
257 395 397 1391
54 968 861 856
475 670 304 1218
261 1030 1031 1408
230 778 779 1373
650 649 870 1346
851 975 852 1379
672 571 526 718
672 571 526 718
1005 717 706 1006
1005 717 706 1006
717 1005 1007 1006
531 1053 425 506
531 1053 425 506
1103 505 1105 1380
1070 283 281 1233
68 1068 36 1341
756 726 755 1186
304 306 171 1162
709 708 412 1240
723 752 751 1307
926 224 1117 1311
9 495 701 1338
607 629 647 1368
787 904 1122 1359
823 26 389 1367
17 935 115 1207
548 547 294 1393
295 1100 1101 1465
1086 836 623 1467
622 598 1028 617
622 598 1028 617
1480 160 467 1012
422 1090 697 1215
335 296 299 1190
471 382 257 1285
917 161 211 1236
312 311 307 1429
1081 1121 233 1367
827 225 1146 1262
956 217 786 1406
250 839 1106 1376
1139 453 84 1243
313 15 311 1429
351 15 429 1252
1082 191 291 1305
706 565 526 1382
867 197 866 1214
327 303 157 1466
218 1123 912 1276
758 722 755 801
758 722 755 801
935 40 85 1207
712 48 715 1257
892 909 441 891
892 909 441 891
721 746 751 1437
544 981 545 1343
644 606 636 1433
150 211 834 1335
730 960 959 1440
866 865 284 1343
1091 409 424 1092
1091 409 424 1092
540 298 539 1487
926 1117 223 1443
611 246 609 1209
616 615 242 1260
852 56 853 1379
721 745 746 1198
37 371 381 1358
320 323 322 1327
965 1075 510 1320
866 197 285 1214
738 763 1247 765
599 680 1088 1319
300 163 301 1188
549 550 94 1478
211 830 92 829
211 830 92 829
1062 111 112 1344
953 126 134 1431
128 184 919 458
128 184 919 458
451 66 452 1365
921 810 143 1292
264 1018 746 1454
699 195 809 503
699 195 809 503
927 267 152 1394
975 56 852 1379
258 1064 398 1391
337 539 538 1427
121 448 447 1322
964 419 965 1255
916 625 1112 1400
62 82 844 1241
870 595 650 1400
212 118 35 1402
1077 775 1079 1458
74 205 206 1220
112 38 8 1344
972 711 396 1197
320 59 323 1471
740 801 758 1316
450 135 451 1444
930 254 932 931
930 254 932 931
959 955 730 1440
673 80 176 1200
483 690 251 691
483 690 251 691
282 281 265 1334
597 638 973 1355
919 1048 128 141
919 1048 128 141
753 806 754 1398
948 564 949 1382
598 1112 622 1282
288 947 541 1291
686 689 1318 416
497 71 1039 1339
1127 481 482 1395
852 853 113 1321
656 628 1137 1278
1101 328 295 1465
123 125 51 1388
176 175 81 1412
587 30 586 1366
520 565 563 1374
362 360 361 1309
1140 224 926 1311
925 920 133 1290
736 1077 814 1297
735 1125 815 1377
1070 281 282 1334
1101 296 334 1465
182 184 132 925
651 641 642 1355
1062 118 34 1423
21 38 1102 1237
104 818 820 1401
654 629 607 1368
973 872 642 1430
762 743 769 1452
709 417 708 1240
907 225 224 1140
907 225 224 1140
157 279 286 1340
220 90 71 1435
1058 480 259 1204
1007 1004 1003 1005
885 226 883 1421
549 271 164 1393
1086 836 1119 235
479 1046 400 1464
238 824 819 1325
487 486 42 1388
44 435 941 1275
850 966 967 1390
202 35 203 1438
1117 221 1011 1258
241 819 818 1325
461 382 380 1356
349 1126 136 1216
686 684 416 1318
375 929 377 1352
329 303 327 1466
855 856 849 1390
359 491 490 1361
722 1125 753 1377
466 1147 5 1481
137 676 677 1290
322 316 1120 1327
787 955 229 1359
778 748 780 1437
129 1047 1048 1230
497 701 494 1223
512 693 411 692
512 693 411 692
328 327 286 1340
500 232 1133 1350
84 180 178 1139
750 1118 816 737
750 1118 816 737
533 538 298 1372
781 780 215 1437
551 161 554 1236
125 127 1063 1324
1108 300 290 1265
45 926 500 1479
977 978 414 1378
127 1365 1115 66
119 118 1062 1226
20 324 59 1296
326 93 294 1371
404 253 402 1204
1000 625 916 1400
1118 769 215 1403
322 323 316 1327
642 872 643 1263
192 330 331 1315
961 960 730 1440
804 805 772 1217
716 60 316 1471
404 406 403 1348
297 540 539 1248
198 29 942 1308
30 587 589 1366
1022 612 1023 1455
532 462 393 1356
321 35 119 1402
588 1145 391 1442
709 915 504 1240
377 1069 1 1259
456 135 449 1322
510 707 417 1320
422 1032 424 1232
426 386 1061 1284
871 1098 43 1363
72 76 41 1300
387 378 383 1448
0 27 10 1277
947 298 540 1487
1028 634 600 621
1028 634 600 621
895 893 3 1310
746 745 264 1454
742 763 762 1460
640 652 870 1346
322 315 39 1327
396 711 1065 1197
970 421 407 1090
970 421 407 1090
834 211 161 1335
900 894 46 1384
21 1102 27 1237
305 1116 537 1185
1100 191 1083 1190
284 543 867 1214
188 50 446 1243
295 292 191 1305
292 291 191 1305
545 981 287 1294
277 1013 265 1480
567 569 515 568
567 569 515 568
372 373 97 1358
494 940 71 1202
858 848 55 1390
690 682 681 1354
840 838 249 1266
163 292 294 1188
248 385 1069 1259
651 652 640 1346
966 850 934 1321
145 107 468 1330
780 750 215 1437
824 822 240 1401
372 97 370 1358
953 144 11 1228
591 444 592 1357
541 543 542 1343
426 104 386 1284
178 177 663 1206
188 180 50 1243
789 908 905 1281
710 48 711 1197
341 342 340 1405
126 489 51 1431
713 254 482 1269
507 530 531 1419
1000 595 993 1231
464 173 533 1201
1074 1075 509 1320
1085 465 171 1201
725 767 768 1312
463 465 173 1201
174 175 80 1203
788 230 779 1373
497 1039 498 1339
782 770 771 1437
1080 380 99 1425
760 987 985 1264
20 59 577 1296
475 476 305 1185
386 837 64 1284
160 1043 280 1221
776 777 728 1297
682 253 681 1354
260 696 697 1215
1096 1135 443 1275
876 250 1106 1389
422 1091 1090 1453
372 379 98 1425
314 39 315 1447
958 957 732 1283
752 811 734 1312
659 246 612 1413
1027 853 1026 1379
802 783 1109 1333
696 698 697 1215
495 493 701 1289
308 148 307 1429
683 405 681 1422
294 93 553 1371
243 990 633 1413
376 98 929 375
376 98 929 375
610 593 247 1021
610 593 247 1021
633 593 660 1413
5 467 466 1459
1061 427 1060 1342
739 1125 800 1434
518 413 570 1286
36 1098 871 1363
781 782 749 1198
994 680 995 1319
268 151 278 1451
941 28 939 1280
270 301 164 1393
1045 928 929 377
1045 928 929 377
436 168 886 1387
455 925 132 184
455 925 132 184
577 576 578 1296
176 181 673 1200
441 720 790 912
441 720 790 912
154 286 309 1451
739 1025 815 1297
417 709 962 1240
338 336 869 1314
559 558 556 521
559 558 556 521
1057 406 404 1348
401 101 398 1257
57 52 14 1179
589 391 719 1442
567 568 570 1419
343 342 333 1405
465 466 1481 1147
938 44 939 1280
3 891 890 1268
1036 726 759 1414
867 543 293 1214
396 933 532 1337
523 573 817 1293
464 946 288 1291
288 946 947 1291
252 879 878 880
252 879 878 880
272 273 274 1468
901 229 959 1440
154 974 295 1256
443 1135 591 1357
122 88 83 1288
807 808 724 1452
608 234 1030 1301
1147 1148 5 1294
7 72 40 1300
534 1085 306 173
534 1085 306 173
13 146 1142 1436
962 964 417 1380
696 414 698 1232
958 733 1018 1454
296 1083 299 1190
441 790 909 1187
812 737 816 1312
668 343 333 1405
378 1 383 1448
886 168 887 1387
1047 137 1048 1230
664 41 666 1213
519 516 527 1286
938 43 1098 1363
85 89 6 1207
518 516 519 1286
125 25 127 1324
155 1233 283 1130
87 498 70 1212
355 354 60 1313
1081 26 1121 1367
42 486 87 1212
761 756 807 1452
222 895 914 1310
855 849 854 1390
586 587 590 199
586 587 590 199
110 22 109 1272
1059 480 1058 1395
631 1079 775 1458
471 472 99 1285
307 148 272 1236
878 250 876 1389
16 1142 352 1428
374 102 373 1332
424 513 1104 1240
696 695 484 1318
296 1100 1083 1190
576 575 67 1329
272 148 273 1470
627 657 658 1278
38 577 59 1237
304 951 302 1323
87 486 498 1212
657 596 658 1278
87 1037 42 1212
831 310 152 1469
129 131 452 1362
771 804 772 1217
6 115 1341 68
1021 992 64 1342
1143 1070 282 1334
408 1052 949 1382
1033 234 609 1408
208 2 204 1331
499 219 500 1479
1042 512 511 1424
9 496 495 1338
65 673 181 1230
1096 435 1095 1275
420 693 1074 707
196 133 922 1292
1041 282 1040 1459
214 1050 1035 1370
912 911 913 1276
268 278 166 1451
1104 506 505 1380
217 787 784 1359
171 951 304 1323
997 599 998 1319
308 346 148 1449
517 572 571 1374
639 648 630 1346
641 648 639 1346
1042 511 513 1240
896 894 222 1181
1117 1011 223 1258
348 349 136 1216
676 65 183 1290
13 144 134 1386
115 14 52 1300
627 620 594 1455
171 465 466 1201
408 1004 564 949
1004 1005 408 564
863 62 846 1379
454 455 132 1230
488 366 12 11
488 366 12 11
1041 287 1143 1459
897 1117 224 1311
1107 438 48 1251
262 1014 1015 1439
812 811 813 1312
925 133 182 1290
585 105 584 1234
470 471 257 1298
1143 282 1041 1459
407 697 1127 1059
407 697 1127 1059
748 750 780 1437
598 1076 618 1462
147 350 348 1216
883 882 437 1432
331 330 159 1315
312 550 167 1236
678 195 873 699
810 195 873 809
810 195 873 809
74 207 209 1456
786 784 783 1333
218 913 901 1276
103 387 383 1448
938 32 937 1202
132 182 181 1230
524 566 1016 1374
778 749 779 1333
309 310 154 1371
445 50 347 1369
532 462 461 100
532 462 461 100
868 49 1120 1447
620 243 633 1413
300 1108 163 1265
890 891 440 1268
461 395 382 1356
734 811 812 1312
921 133 920 1290
874 560 413 1293
494 701 493 1289
400 1064 714 1464
450 451 452 1322
327 190 329 1466
198 590 586 1366
333 344 668 1405
302 280 157 1323
14 115 110 1300
76 7 53 1300
593 659 660 1413
476 669 344 1315
893 892 3 1384
472 928 376 1246
531 530 425 1255
773 983 984 764
27 116 574 1277
136 445 348 1295
94 550 312 1236
549 164 548 1393
890 440 885 1229
846 845 851 1379
910 216 788 826
910 216 788 826
794 987 760 1264
927 151 267 1394
408 717 718 1382
646 645 604 1235
113 857 855 1390
716 323 324 1471
914 44 902 1258
500 1133 45 1350
29 116 942 1396
188 453 1139 1243
499 926 223 1479
767 744 766 1458
370 368 96 1358
261 239 825 1302
208 185 2 1331
142 921 920 1292
796 759 988 1414
535 670 305 1218
778 780 749 1437
1120 49 428 1447
456 449 138 1322
612 594 659 1413
431 1111 1020 1349
992 990 427 1342
628 656 657 1278
882 880 438 1199
655 630 828 1346
657 656 596 1278
716 324 325 1471
351 428 350 1252
86 85 23 1207
703 202 203 1438
1028 1114 600 1381
533 946 464 1372
597 639 638 1355
369 96 368 1244
958 732 772 1454
435 914 895 1310
1039 90 70 1339
548 162 549 1393
331 342 343 1405
147 348 347 1369
552 553 93 1410
827 231 226 1262
724 808 754 1398
193 1116 477 1405
477 1116 476 1405
637 634 842 1430
1061 64 992 1342
267 179 152 1469
439 1093 1131 1229
1124 254 932 1354
1126 13 457 1436
786 217 784 1406
294 292 974 1188
590 28 591 1336
1120 315 322 1327
718 572 525 1374
200 2 57 1194
844 82 78 1331
1025 777 776 1297
1067 1066 299 1397
768 737 812 1312
327 328 190 1465
1057 402 399 1204
1061 386 64 1284
381 114 462 1287
754 808 755 1398
48 712 711 1257
45 1140 926 1311
0 871 116 1363
705 81 91 1486
709 504 962 1240
262 469 423 1439
567 558 556 559
1105 504 1103 1380
845 77 851 1379
1 378 375 1352
394 972 971 1222
348 445 347 1295
654 607 653 1368
905 785 903 1281
500 501 232 1350
237 1034 1035 1485
164 301 547 1393
899 227 903 1281
358 97 459 1196
636 647 644 1433
32 69 220 1435
321 555 203 1461
812 816 734 1312
630 655 654 1346
307 94 312 1236
1148 465 463 1294
311 120 313 1429
579 578 581 1234
577 38 21 1237
833 310 831 1469
814 725 813 1312
272 271 94 1180
246 659 593 1413
1098 1435 1068 32
993 996 1000 1231
757 982 983 1264
208 205 186 1331
492 213 501 1245
667 31 174 1273
67 582 581 1360
1020 394 971 1222
326 974 154 1188
44 221 902 1258
75 830 832 1468
679 139 678 943
679 139 678 943
694 686 484 1422
789 216 1054 906
789 216 1054 906
156 669 476 1315
45 1133 1146 1242
498 1039 70 1339
741 797 795 1414
814 1077 744 1458
615 614 613 1209
1142 146 352 1428
545 464 288 1291
955 787 217 1359
687 411 688 1378
456 138 136 1295
254 1124 482 1354
760 773 774 1247
392 390 96 1244
207 206 917 1261
682 1014 253 1354
819 820 818 240
819 820 818 240
255 889 226 1249
226 231 255 1249
505 1053 516 1255
1035 841 245 214
1035 841 245 214
800 777 739 1434
232 1051 1133 1350
405 691 690 1422
941 435 443 1275
707 693 1074 510
707 693 1074 510
307 311 308 1429
654 653 630 1346
803 743 761 1452
812 725 768 1312
602 1441 1129 601
171 952 951 1323
728 791 793 1316
333 342 341 1405
4 365 491 1225
615 991 243 1209
375 378 374 1352
81 705 663 1353
1406 956 1049 786
663 705 829 1353
641 640 648 1346
476 1116 305 1185
253 1014 423 1269
959 960 901 1440
73 702 205 1220
863 187 210 1241
851 55 846 1379
303 669 156 1463
403 683 404 1270
126 51 125 1431
755 808 756 1476
1113 95 583 1360
582 30 583 1360
1015 878 262 1439
1089 178 75 1253
71 497 494 1164
735 811 752 1312
441 892 911 1384
176 81 177 1412
454 448 121 1200
363 1142 16 1330
843 635 842 1430
436 438 1107 884
436 438 1107 884
466 952 171 1323
48 438 715 1251
403 685 684 1318
614 236 613 1235
483 1124 251 1354
44 1011 221 1258
241 426 1060 1284
603 244 602 1301
989 616 632 1260
429 15 314 1252
627 628 657 1278
361 149 365 1225
362 107 363 1309
102 459 373 1332
1035 1050 233 1370
1044 988 759 1414
841 247 840 1370
806 1018 733 1217
1045 928 18 1376
552 551 162 1478
22 110 68 1341
363 1010 362 1472
911 442 913 1276
1037 1038 88 1288
419 514 965 1419
533 298 946 1372
316 868 1120 1327
794 741 795 1414
1146 231 827 1262
275 155 289 1265
